34664
38169
38665
38969
38889
38745
38585
37897
37305
35512
34216
32647
31511
30247
29063
27654
26342
23989
23189
22437
21413
20404
20004
19140
18836
18276
18372
17812
17924
17620
17796
17828
18084
18228
18628
19012
19588
20164
20757
21077
21845
22453
23397
24085
24582
25430
26230
27270
28038
28823
29511
30167
30439
30679
30983
31287
30983
30823
30391
29943
29367
28630
27878
27094
26214
24678
23509
22949
21733
21349
20020
19572
18372
18020
17684
17156
16932
16852
16660
16932
16916
17108
17460
17684
17988
18148
18532
18724
18884
19044
19028
18964
18900
18820
18436
18228
17908
17860
17428
17044
16740
16211
16099
15715
15107
14755
14371
13939
13779
13539
13587
13587
13875
14291
14899
16035
16532
17604
18724
20276
21829
23797
25366
26406
28214
29591
31943
32439
34456
35992
36040
36584
35896
36312
35752
35480
34120
33368
32295
30775
29543
28422
27334
25926
24565
23253
21813
21429
20565
19876
18612
18516
17492
17940
17252
17364
17092
17364
17252
17236
17716
18356
18580
19092
19380
19940
20565
21557
21909
23045
23445
24598
24742
26134
26758
28166
28534
29751
30103
31463
31735
32808
32663
32872
33112
33080
32952
32856
32263
31847
31511
30727
29831
29111
28086
26966
26198
25382
24309
23573
22869
22245
21637
21173
20741
20468
20276
20356
20148
20276
20292
20372
20645
21045
21525
21605
21941
22181
22565
22549
22869
22709
23109
23173
23205
22485
22357
21957
21941
21557
20869
20228
19940
19476
18996
18596
18436
18100
17892
17748
17620
17492
17620
17636
18308
19396
20725
21093
22485
23461
25254
26902
28935
29975
32007
33288
35464
37641
38441
39577
40265
40617
40681
40329
40537
40345
39465
38825
37449
36696
34840
34360
32183
31415
29559
28775
26646
26390
25238
24726
23589
23589
22453
22597
21541
21573
21221
21701
21413
21445
21381
22021
22117
22885
23013
23237
23605
24069
24565
25270
25878
26646
27350
28198
28871
29703
30519
31223
31975
32695
33160
33752
34104
34408
34632
34840
34600
34360
33992
33304
32920
32215
31191
29959
29159
27862
26934
25830
24774
23733
22885
22165
21397
20549
20388
19668
19380
18948
18900
18692
18868
19092
19124
19236
19620
19860
19732
20228
20292
20581
20485
20517
20629
20741
20789
20533
20452
20244
20068
19460
19124
18500
18356
17844
17684
16964
16612
16436
16371
16067
16083
15923
16147
16115
16676
17044
18420
19140
20549
21205
22997
24469
26278
28006
29863
31159
33080
34760
36456
37289
38409
38921
39721
39881
40041
40041
39577
38681
37593
36520
35416
33816
32952
31239
30487
28518
27494
25910
25622
24565
24309
22677
22437
21381
21221
21061
20661
20436
20789
20501
20741
20452
21077
20933
21701
21477
22341
22181
23157
23381
24565
24678
26006
26086
27142
27590
28518
29335
30279
30903
31479
31943
32695
32840
33048
33128
33416
33032
32727
32151
31591
30919
30023
28967
27926
26678
25622
24565
23685
22469
21541
20613
19796
18900
18372
17668
17204
16900
16788
16740
16804
16932
16932
17044
17284
17684
17748
18116
18116
18724
18692
19252
18900
18900
18772
19140
18740
18580
18132
18148
17300
17236
16580
16436
15635
15283
14659
14291
13859
13587
13539
13379
13283
13155
13363
13523
14019
14483
15827
16259
17380
18692
19940
24646
25862
27654
29207
31015
32215
33336
34440
35128
36168
35896
36376
35848
36120
34760
34312
32679
32295
30647
29879
28358
27062
25702
24565
23253
22053
20997
20324
19300
19076
18260
17684
16964
17156
16532
17092
16660
16868
16564
16900
17108
17860
18084
19268
19428
19988
20645
21989
22197
23637
23989
25222
25670
26662
27462
28823
29671
30551
31207
32407
32551
33064
33480
33736
33688
33624
33352
32952
32167
31831
31207
30039
29223
28134
27366
26086
25318
24245
23685
22325
21893
21317
21301
20404
20228
19716
20292
19876
20324
20020
20372
20533
20757
21253
21413
21605
22101
22245
22949
22501
22597
22773
22965
22677
23061
22453
22341
22085
21525
21013
20420
19908
19476
19204
19108
18708
18452
18132
17796
17508
17812
17252
17812
17412
17748
18404
19652
20180
21637
22325
24005
25158
27222
28646
30087
31479
33512
34856
35912
37049
38217
38793
38953
39305
39177
38617
38297
37753
37177
35656
34760
33000
32391
30311
29751
27750
26934
25142
24565
23541
22869
22101
21477
20324
20180
19812
20052
19252
19204
19204
19396
19684
19780
20260
20869
21413
21909
21989
22597
23189
24149
24870
25654
26262
27078
28006
29127
29959
31111
32055
32279
33096
33560
34232
34472
34888
34968
35176
34888
34488
33848
33368
32487
32071
30535
29415
28214
27030
26070
25334
24245
23621
22565
22277
21461
21429
20581
20468
20020
20260
19908
20773
20228
20869
20869
21221
21253
21733
21781
21861
22213
22341
22245
22245
22421
22405
22405
22181
21733
21525
21253
21157
20549
20132
19732
19300
19108
18660
18548
18100
18052
17684
17652
17396
17412
17444
17636
17940
18276
19876
20196
21477
22485
23653
24662
26822
28454
29767
31127
32567
34472
35144
36664
37513
38441
39097
39321
38969
38681
38441
37817
37145
35912
34952
33416
32647
30983
30103
28406
27798
25670
25094
24341
23797
22533
21717
21157
20581
20436
20549
20100
19924
20164
20308
20148
20420
20661
20933
21429
22229
22229
22677
23205
24053
24565
25382
25894
26854
27606
28198
28967
29799
30791
31367
31927
32519
33160
33272
33480
33736
33736
33512
33096
32583
31591
31671
30215
29703
28230
27750
25878
25350
24197
23221
22229
21397
20517
19764
19428
18996
18852
18916
18740
18932
18804
19140
19364
19780
20340
20517
20805
21029
21141
21397
21701
22037
21781
21733
21909
22069
21861
22197
21317
21141
20645
20581
20308
20452
20036
19652
19364
19076
18724
18788
18772
18580
18164
18100
18004
17972
18132
18516
19124
19988
20757
21669
22693
24133
25478
27334
28983
30103
31943
33176
34824
35720
37129
37385
38537
38601
38969
38585
38633
38121
37401
36232
35256
33928
33064
31559
30311
28743
27942
26198
25110
23685
23077
22469
21685
20997
20420
19780
19652
19412
19092
18948
19268
19220
19204
19492
19556
20132
20404
20965
21045
21445
22117
22789
23205
23973
24678
25174
26006
26934
27718
28887
29495
29895
30151
31095
31191
32135
32055
32295
31703
31927
31303
30887
29927
29399
28598
27494
26566
25398
24101
22997
22245
21173
20276
19460
18772
18244
18004
17796
17572
17460
17316
17444
17604
17812
17924
18196
18500
18788
19140
19332
19428
19620
20004
20100
19812
19764
19956
19908
19924
19524
19284
19428
19396
18980
18900
18436
17284
17332
16804
16964
16067
15923
15363
15603
15523
16259
15635
16147
16964
17812
18724
19812
20805
22629
24405
26406
27142
29031
30119
32535
33336
34968
35720
36536
37209
37657
37513
37369
37721
37049
36392
35320
34392
33096
31879
30663
29399
28310
27462
26390
24982
24533
23813
23141
22389
21957
21253
21461
21941
21637
21381
21525
21717
21829
22229
22437
23189
23429
23957
24117
24565
25430
26422
26950
27878
28182
28983
29863
30439
31079
32135
33064
33752
34120
34840
35176
35800
35800
36168
35912
35736
35480
34728
34456
33368
32840
31511
31079
29655
28390
27206
26310
25318
24582
23829
22965
22453
21989
21845
21381
21253
21173
21237
21397
22181
22405
22757
23349
23733
24165
24549
24918
25062
25366
25814
25926
25702
25814
25750
25686
25702
25270
25286
24838
24726
23973
24453
23717
23429
22533
22549
21477
21349
20388
19924
19300
19108
18068
17828
17428
17428
17188
17364
17156
17300
18148
18820
19956
20613
21717
22917
24742
26566
27894
29399
31207
33096
34136
35336
36040
37033
37689
37977
37849
37801
37417
36760
36200
35160
34232
32776
31559
30103
28935
27398
26182
24565
23861
22997
22325
21141
20629
20020
19316
19332
19204
18628
18388
18580
18820
18772
19012
19140
19668
19956
20356
20693
21317
21989
22357
23013
23637
24357
24838
25686
26422
27238
27990
28679
29271
29671
30343
30759
31223
31527
31351
31367
31655
31207
30743
30391
29543
28775
27798
27014
25878
24806
23957
22725
21765
20901
20244
19444
19028
18356
18116
17812
17796
17476
17748
18004
18420
18996
19508
20004
20420
20917
21333
21749
22389
22533
22757
23013
22885
22981
22949
23045
22917
22709
22165
22069
21557
21093
20789
20308
19636
19524
18980
18772
17716
17412
16756
16532
15747
14867
14483
14435
14083
14355
13859
13987
14851
15475
16612
17444
18612
19892
22053
23813
25254
26694
28855
30519
32519
33048
34856
35464
37353
36969
37753
36921
37257
36632
36088
35128
34472
33080
31959
30727
29495
28502
27526
26278
24886
24117
23333
22693
21893
21253
20853
20661
20661
20372
20388
20549
20645
20533
20917
20645
21205
21701
21989
22181
22501
23221
24021
24405
24822
25654
26246
26982
27654
28598
29191
30375
30759
31975
32151
33160
33368
33896
33864
34344
34104
34040
33304
33192
32583
31879
30871
30327
29015
28326
27286
26438
25174
24549
23829
23173
22069
22293
21493
21301
21061
21445
21141
21765
21781
22757
22501
23493
23557
24373
24293
24982
25142
26038
25734
26070
26022
26182
26038
26118
25942
25510
25190
25254
24710
24501
24069
23701
23029
22357
21845
21381
20356
19796
19092
18516
17876
16836
16323
15715
15427
14963
14595
14675
14531
15539
16051
17220
17956
19108
20693
22757
24646
26038
27654
29399
31703
32872
34632
35432
37001
37545
38473
38233
38281
38217
37929
37273
36424
35432
34120
32824
31495
29943
29015
27718
26566
24790
24229
23445
22869
21557
21509
20356
20725
20068
20004
19204
19780
19412
19684
19156
19492
19300
20036
19812
20148
20132
20372
21333
22021
22005
23141
23605
24758
24902
26342
26774
28198
28310
29783
29927
30919
31159
31575
31687
32087
32071
31943
31463
31015
30519
29831
29095
28022
27030
26246
24565
23621
22869
21989
21365
20693
20292
19844
19636
19588
19412
19364
19764
20100
20308
20661
21285
21525
21861
22437
22693
22917
23333
23637
23701
23909
24069
23861
23813
23701
23525
23093
23205
22773
22357
21845
21525
21045
20420
19812
19540
18532
17940
16852
16452
15875
15411
14595
14131
13619
13715
13379
13699
13715
15315
16019
17556
18052
20036
21349
23973
25190
26710
28166
30519
32391
34008
34792
36152
37273
38473
38457
38505
38377
38393
37097
36648
35256
34840
32968
32247
30263
29335
27670
26598
25238
24245
23525
23045
22117
21397
20757
20308
20132
19796
19540
19300
19476
19732
19540
19620
19556
19924
20356
20452
20565
20997
21541
22149
22453
23109
23877
24501
25446
25942
27030
28070
28727
29207
30055
30983
31287
31751
32071
32407
32808
32567
32343
31943
31847
31415
30615
29607
28999
27830
27014
25798
24838
24149
23637
22725
21973
21301
20853
20613
20693
20597
20613
20581
21301
21093
21653
21909
22981
22725
23397
23125
23765
23957
24389
24341
24293
24165
24277
23909
23909
23541
23573
23013
23189
21973
21829
21173
20869
20164
19732
18852
18260
17380
17236
16163
15923
15235
14803
14275
14275
14291
14227
14307
14931
15667
16836
17748
18788
20308
22533
24565
26262
27702
29511
31415
33688
34760
35880
37001
38073
38681
39017
38505
38681
38489
38041
37049
36232
35176
34104
32663
31207
30039
28935
27574
26134
24902
24357
23349
22437
21685
21077
21077
20613
20260
19508
19412
19492
19396
19268
19268
19364
19668
19748
20100
20340
20965
21429
22117
22549
23509
24213
24790
25686
26422
27334
28262
29335
29751
30791
31591
32183
32631
33240
33816
33832
33864
33560
33336
32904
32711
31479
30743
29783
28935
27926
26966
25942
24758
24341
23445
22677
22277
22085
21669
21541
21205
21253
21125
21269
21269
21589
22005
22197
22533
22741
23253
23381
23653
23893
23941
23733
23829
23733
23573
23493
23317
23189
23461
22741
22741
22053
22277
21397
21285
20148
20196
19108
19300
18308
18228
16980
16676
15843
15379
15059
15443
14739
14979
14803
15763
16484
17780
18708
20244
21941
24005
25702
27190
28935
30775
33192
34648
35848
37033
37945
39097
39321
40025
39561
39945
38985
38537
37081
36728
35064
33720
32103
30983
29591
28406
26918
25510
24565
23973
22933
22069
21493
21445
20645
21093
19764
19780
19380
20052
19076
19636
18996
19844
19556
20356
19956
20581
20661
21829
21909
22853
23397
24389
24565
25798
26262
28150
28470
29687
29847
31143
31383
32679
32808
33336
33448
33864
33752
33560
32968
33064
32327
31511
30567
29591
28679
27862
26598
25430
24598
23813
22933
22293
21909
21429
20885
20581
20485
20404
20404
20789
20917
21093
21525
21845
22245
22469
22693
22869
23109
22869
23045
22917
23013
22981
23013
22981
23077
22661
22741
22005
21861
21317
21237
20356
20132
19396
19236
18340
18004
17332
16836
16131
15443
14819
14659
14659
14787
14371
15331
15811
16964
17956
18820
19844
21941
23941
25638
27142
29175
31015
33208
34760
36152
37321
38489
39305
39625
39529
39433
39305
38585
37929
36728
35576
34616
32968
31431
29991
29175
27558
25926
24565
23973
22965
22325
21189
20869
20132
20228
19268
19044
18772
18820
18708
18452
18308
18532
18836
19412
19460
19828
20132
20773
21285
22245
22853
23845
30311
31319
32263
32936
33576
34008
34312
34600
34856
34408
34120
33720
33096
32215
31303
30263
29127
28198
27302
26166
25030
24517
23349
22805
21973
21381
20404
20468
19908
20036
19940
20260
20148
20501
20805
21189
21381
22357
22197
23013
22725
23669
23397
24149
23685
24229
23541
24245
23445
23349
23205
22949
22293
21909
21557
21125
20533
20212
19588
19236
18436
18020
17172
16820
15875
15235
14579
14659
14163
14403
13795
15043
15731
16740
17860
18580
20180
22469
24598
26182
27958
29879
32039
34008
35384
36776
37833
39049
39513
39737
39785
39897
38921
38425
37337
36600
35528
33944
32551
31079
30007
28646
27062
25254
24469
23413
22853
21381
20741
19684
19476
18900
18372
18020
17796
17812
17716
17284
17268
17236
17844
17972
18484
18500
19492
19892
20677
21461
22469
23221
24357
24966
26486
27414
28807
29607
30983
31559
33464
33736
34616
34568
35640
34904
35752
34456
34824
33800
33544
32535
31319
30407
29287
28038
26902
25542
24453
23461
22677
21541
21109
20260
19796
19300
19236
19124
19012
19172
19428
19540
20292
20645
21125
21397
21845
22277
22757
22965
23061
23637
23509
23941
23429
23813
23333
23477
23045
23237
22373
22581
21941
21989
21125
20629
20052
19796
18980
18484
17732
16836
16211
15379
14739
14675
14451
14291
14307
15027
15939
16948
17812
18996
20677
22917
24902
26582
28438
30359
32936
34728
35928
37385
38825
40121
40665
40665
40169
40281
39993
39145
38297
37017
36040
34584
33208
31543
30695
29095
27958
26086
25062
24021
23701
22277
21509
20709
20324
19988
19124
19332
18644
19028
18612
18852
18340
19268
19268
19924
19780
20452
20468
21653
21781
22677
23829
24565
25558
26678
27494
28646
29735
30855
31591
32551
33736
34184
34728
35352
35560
35992
35736
35240
34712
34184
33448
32343
31255
30055
28887
27462
26534
24966
24309
23381
22149
21045
20581
20228
19636
19332
19412
19140
19476
19700
19620
19780
20308
20837
20869
21349
21845
22165
22565
22933
22981
23173
23461
23205
23109
22949
23077
22581
22613
21957
22101
21445
21525
20501
20501
19300
19124
18308
17716
16852
16163
15459
15315
14115
14115
13571
14003
13443
14339
15123
16420
17108
18644
19780
22165
24133
25894
26998
29319
31255
33336
34440
36312
36969
38857
38777
39609
38697
38825
38297
37785
36712
35528
34072
33080
31159
29671
28230
27142
25526
24485
22885
22469
21205
20709
19220
18740
18196
18500
17492
16948
16900
17172
16868
16740
16692
16836
17300
17668
17748
18100
18788
19780
20308
21397
22357
23189
24165
25126
26070
27302
28454
29655
30663
31559
32455
33080
33816
34200
34344
34616
34536
34072
33448
33112
32503
31239
30023
28935
27990
26726
25878
24117
23253
22373
21701
20693
20388
19652
19684
18996
18948
18708
19300
19348
19460
19556
20324
20741
21317
21685
22245
22197
22597
22933
23477
23333
24357
23605
23973
23381
23621
22869
22789
22549
22181
21925
21653
20853
20324
19892
19652
19012
18356
17540
16916
16291
15811
15251
14723
14755
14531
14899
15683
16388
17460
18404
19748
21349
23493
25862
27462
28983
30599
33192
35032
36424
37721
38569
39913
40281
40425
40137
40233
39577
38825
37577
36296
35208
33912
32487
30615
29319
27958
26454
24838
24165
23237
22709
21285
20885
19732
19524
19124
18628
17940
17956
17988
18244
17956
18276
18484
19252
19300
19572
19956
21365
21685
22725
22949
24421
24678
26246
26806
27990
28919
30103
30871
32247
33112
33832
34184
34856
35432
35560
35912
35320
34504
33832
33544
32679
31751
30455
29607
28326
26966
25814
24565
23557
22709
21573
20869
20164
19684
19364
19684
19044
18916
18932
19780
19684
20020
20180
20869
21013
21701
21717
22821
22309
22965
22725
23205
22885
23237
22805
23013
22181
22453
21909
21717
20901
21013
20597
20549
19716
19684
18308
18692
17428
17108
15715
15523
14515
14723
13907
14259
13635
14291
15139
16323
17668
21061
23045
25174
26310
28662
30103
32968
34264
35736
36648
38473
38761
39561
39401
38985
39049
38217
37337
36328
34872
33768
32455
31367
29399
28294
26758
25446
23653
23141
21669
21045
19620
19140
18324
18676
18196
17972
17428
18308
17812
18068
17300
17444
17636
18212
18708
18964
19540
20885
20997
21733
22661
23701
24437
25286
25798
26982
27894
29383
30023
30919
32023
32952
