23493
23381
22965
23477
23205
23541
22597
23077
21909
22821
22469
21413
20869
20613
19908
19940
19876
18884
18788
17604
17604
16900
16820
16708
16452
16548
16660
16612
16580
17108
17732
20356
21125
17876
19300
22869
23829
24966
25094
24053
24646
27014
31895
30647
30855
30375
31655
33304
34584
33848
34504
34904
35384
36008
35496
34232
33752
34984
35640
34088
33304
32471
31255
29831
30503
29351
27606
25990
24357
24181
24021
23701
22453
21557
20452
20292
20709
20549
19972
20452
20100
20565
20629
21253
20260
21173
21941
23077
22853
23365
22693
24822
24245
24998
25254
27030
26102
27078
27046
26454
26758
28855
29383
28070
27638
28086
28230
28598
28807
28134
28262
28422
27846
28070
27478
27206
26630
27366
27558
26470
25510
25798
25766
25462
25302
24774
24662
24437
23589
24021
23701
23573
23621
23221
22485
22805
23701
23509
23221
23317
23109
23125
23141
23397
23317
23173
22997
22933
22837
22421
21781
22325
22309
22021
21013
20789
20308
20148
19652
20036
18964
18820
17492
18084
16532
16371
16516
16468
16323
16291
16932
16452
16916
18628
21061
17796
17972
19940
23077
23525
24646
24565
23989
24421
27942
31143
30407
30247
30551
31543
33992
33992
34184
34872
35240
35000
36184
35720
34712
34408
35736
35464
34344
33352
33208
31127
30439
30359
29831
28695
27782
25190
24197
24309
24101
23477
22245
20869
20212
20501
21061
20485
20036
19780
20132
20356
20885
20324
20324
20789
22245
21941
22485
22869
23493
22725
24085
25414
25878
25494
26214
26390
26422
26774
28679
29431
28198
27478
28326
29175
29335
28951
29175
28839
28198
28134
29063
27574
27062
28086
27462
26982
26182
26134
25574
25686
25542
25270
24806
24101
23861
24277
23557
23637
23621
23525
22773
22917
23013
23541
23061
22981
22917
23205
22821
23477
22981
23573
22677
23877
22853
23077
22213
22293
22037
22149
21765
21381
20789
20212
20148
19684
19124
18628
18388
18180
17700
16564
16804
16628
16388
16371
16195
17300
16355
17060
17908
20741
18484
17412
18516
22037
23077
24565
24998
23973
23813
26406
31127
30983
30487
30007
31511
33352
34264
34408
35160
35576
35608
36536
36488
35016
35176
35720
36312
34984
34008
33368
32135
30679
30791
30007
29479
27974
26502
24662
24181
24069
23941
22933
21221
20244
20116
20565
20485
19988
19780
19844
20020
20837
20581
20276
20356
21541
22325
22917
22469
23061
23765
23509
24549
25862
26422
25862
26470
26662
26694
27142
29111
29895
28743
27750
28342
29335
29543
29015
29415
29127
28294
27782
28598
28695
27590
27286
27958
27462
26390
25830
26166
25958
25238
25046
24870
24565
23525
23909
23605
23285
22949
23045
22549
22549
22565
23189
23221
22821
22405
22885
22501
22549
22709
22965
22533
22613
22629
21861
21925
21909
21765
21317
21221
20933
19988
19604
19348
19316
18276
18660
17716
17764
16772
16291
16484
16516
16227
16003
16644
16404
16083
17108
20260
19460
17092
18500
21557
23973
24021
25414
24005
24501
25606
30311
30839
30999
29575
31431
32904
34888
34184
35288
35848
35480
36168
36392
35480
34296
35416
36360
35192
33928
33480
32407
30663
30679
30215
29527
28070
26390
24565
24213
24133
23957
22773
21461
20468
20372
20629
20372
19620
19860
20100
19972
20549
19908
21157
21941
22581
21877
22533
22629
23989
25798
24325
25030
26310
26758
26678
27590
28598
27238
28262
29719
30055
27894
28374
28727
29255
29479
29223
28967
28662
27542
28182
28759
28038
26886
26838
27398
26438
25478
25942
26246
24886
24325
24678
24678
23941
23813
23397
23397
22821
23221
23077
22917
22181
22405
22709
23397
22629
22613
22277
22741
22597
22965
22725
22853
22117
23061
22245
22613
21221
21589
21125
21493
20196
20260
19204
19748
18324
19636
17812
18084
16355
17188
16708
16323
16067
16836
16932
16179
17284
18916
20789
16564
17220
20661
22693
23637
24357
24021
22453
24565
28791
31223
30039
29591
30247
31463
33928
33960
34328
35016
35400
35352
36520
36120
34632
35016
36808
36120
34600
34216
33368
31255
30983
31303
30807
29271
27798
25510
24565
24421
24565
24085
22565
20901
20116
20645
20725
20324
19972
19892
20244
19876
20725
20212
20052
20693
22309
22341
22917
21813
22341
23461
24405
24758
27142
25014
24213
25126
27718
27990
28054
29031
28134
26806
28166
31271
30295
28727
28438
28983
29527
29319
28358
28951
28470
27558
28294
28598
26966
25670
26406
27302
26342
25446
25158
24565
23701
24133
24309
24565
23797
22981
22597
23253
22805
23653
23253
22981
22149
22629
23125
23077
22821
23333
22757
23797
22885
23237
21973
22485
21925
22789
22005
22037
20565
21477
20340
20885
19476
20292
18372
18772
17316
17524
16772
17060
16676
16131
16099
16019
16980
16932
17764
20693
17812
17028
17860
21925
23301
24133
23893
22981
23381
25782
30407
29815
30743
29415
31271
32872
34440
33848
34760
35992
35432
36296
36392
35320
34984
35784
36616
35288
34648
33688
32679
30935
31575
30551
30535
28887
26982
24902
24598
24421
24485
23285
22037
20372
20709
20324
20068
19412
20164
19460
19828
19924
19908
19268
20020
21093
22533
21765
22165
21685
22197
23045
24565
24662
25430
26630
24485
24598
26502
28454
28246
29063
29063
27686
27078
29671
31255
29159
28871
29031
29159
29223
28582
28134
28695
28390
28102
28422
27734
25798
25910
27046
27366
25622
24774
25222
24117
23765
23909
24149
23877
23381
22341
22437
22069
22357
23189
23061
22453
22021
22373
22629
22421
22469
22949
22725
22709
22837
22133
22373
21765
22549
22117
21541
20645
20949
19956
19284
19764
19012
18212
17636
17428
16788
16355
16980
16708
16468
16067
16211
17060
17812
20629
17364
17140
17892
21685
22917
24245
23189
21877
23093
26262
30183
29607
29367
29063
30375
32391
33304
33432
33896
35384
34632
36232
35720
35400
34488
35976
36152
35960
34392
33928
32199
31143
31447
31207
30263
28951
26646
25622
24758
25350
24325
23605
22005
21173
20228
21029
20372
20292
20052
20260
19844
20228
19588
19732
20068
21397
21541
21701
21173
21925
21845
23477
23621
24870
24886
25030
25382
26854
24806
26022
27750
29927
28438
28935
28662
27718
27430
31175
31175
29399
28358
28582
28326
29495
28566
28662
28454
28166
26854
27366
26822
25638
25542
26630
25910
24213
24069
24005
23557
23637
23733
23493
22949
22165
21925
22229
22773
22869
22629
22293
21685
21701
22421
23109
22725
22405
22293
22245
22437
22677
22053
22101
22213
22309
21413
21237
20260
20356
20132
20244
19124
18756
18372
17748
17572
17076
17348
16836
17172
18852
21301
16708
17044
18852
22917
23285
24037
23029
22101
23173
27830
29975
29287
28839
29047
30663
32808
32856
32599
34280
34648
35048
35848
35304
34152
34488
36104
35992
34728
34200
33336
31687
30983
31367
30855
30183
28502
26502
25110
25158
24614
24565
23381
22069
20452
21077
20629
20308
19796
20404
20020
20004
19812
19908
19508
20260
21381
21653
21989
21413
21509
22917
23333
24165
24582
25142
25926
25030
25094
26006
27478
28326
28727
28646
27462
27318
28486
30679
29831
29063
28182
28630
28374
28919
28470
28759
28294
27526
27862
27622
26342
26374
26374
26902
25814
24598
24582
24261
23877
23845
23877
23573
22997
22117
22053
22357
22549
22981
22757
22645
21829
22245
23045
22981
22933
22693
22709
22565
22581
22341
22597
22213
22789
22181
22165
21109
20677
20292
20901
19924
19540
18996
18692
17924
18244
17492
18228
16820
17156
16660
16948
16820
18644
20004
19284
16788
16964
20837
22821
23557
23573
22453
22277
24373
28935
29591
29191
28438
30215
31367
32824
33032
33320
34728
34728
35784
35544
34728
34456
35208
36648
35288
35032
33848
33304
31063
31783
31143
30871
29255
27910
25990
25046
24774
24614
24405
22533
21189
20821
21189
20501
20100
20148
20020
19860
20132
19972
19332
19460
20565
21429
21765
21429
21157
21797
22645
23477
24213
24918
25510
25494
24582
26246
26918
27846
28310
28903
27798
27478
28662
29831
29639
28919
29319
29063
28887
28630
28518
28550
28390
28102
28198
27478
26294
25830
26438
26678
25862
24710
24565
24085
23605
24261
23589
24053
22853
23301
21909
22453
22069
23109
22261
22821
21733
22053
22341
22533
22229
22821
22341
22677
22261
22325
22213
21973
22245
22613
22197
22021
21013
20821
20629
20276
19492
19524
18660
18356
17700
17684
17444
17828
16371
17220
16772
16676
17316
19556
20356
16516
16788
19556
22709
23141
24229
23173
21413
23125
27750
29543
28630
28454
28887
30519
32327
32631
32695
34120
34280
34824
35400
35272
33768
34376
36008
35592
34856
34248
33240
31159
31287
31175
30903
29975
28262
26246
24966
25062
24806
25270
23349
22389
20661
21781
20709
20709
19780
20388
20164
20244
20388
19972
19396
20404
21685
21957
22069
21685
21653
22629
23749
24197
24710
25430
25430
24902
25190
26534
27526
28310
28871
28630
27622
27830
29191
30087
29639
29111
29591
29271
29223
28550
28646
28550
28662
28246
27862
27014
26054
26006
26518
26422
25558
24598
24549
23701
23589
23445
23509
23221
22725
21989
21541
21925
22213
22357
22245
22005
21525
21813
22053
22805
21989
23061
22245
22485
22485
22245
21909
23029
22229
23301
22021
21861
21029
21573
20725
21349
19828
19620
18724
19236
18324
17924
18388
17588
16964
17092
17540
17540
18772
21125
18404
16596
17588
21781
23045
24069
23621
21813
22661
25318
29879
29367
29607
27942
29831
31463
32599
32295
33064
34360
34216
35208
35448
34040
34056
34872
36280
34872
34616
33576
32071
30791
31495
30967
30823
29031
27222
25254
25110
24886
25190
24309
22917
20885
21269
21253
21109
20308
20933
20404
20565
20549
20436
19748
20068
21541
22421
22293
22149
21653
22821
23189
24614
24614
25110
25478
25414
24886
26806
27142
29031
28518
29271
28054
28294
28390
30023
29799
29383
28951
28823
28823
28999
28310
29335
28246
28566
27654
27350
26486
26806
25830
25382
24565
24549
23797
23381
23205
23045
22949
22101
21605
21605
21861
21941
22373
22485
21845
21669
21765
22341
22437
22693
22725
22821
22805
22373
22229
22597
22517
22661
22309
21701
21125
21205
20949
20821
20244
19764
18964
19044
18244
18244
18212
18388
16948
16452
17220
17876
18068
19364
21045
17268
16548
18484
22309
23317
23877
23461
21557
22485
26118
29351
28502
28630
28246
29735
31575
32615
31767
33736
34696
34104
35416
34600
33368
33288
35352
35336
34360
33704
33416
31239
30807
31079
31079
29991
28775
26566
25446
24565
24726
24710
23749
22341
21029
21381
21205
20629
20116
20805
20869
20452
21269
20132
19908
20549
21909
22373
22293
21669
21765
22581
23221
24213
25286
25942
25510
24565
25990
26934
27750
28502
28711
27878
27430
28406
29943
29639
29015
28871
29063
29255
28807
28614
28486
28054
28006
28294
27494
26662
25862
26294
26262
25798
25302
24598
24117
23365
23509
23093
23253
22677
22565
21765
21557
21781
22293
22309
21877
21765
21973
22053
22229
22293
22229
22549
22533
22549
22213
21941
21973
22069
22133
21861
21333
21637
20468
20757
20004
20292
19364
19492
18276
18756
17844
18404
17316
17172
17044
17556
18068
19508
21045
17860
16772
18564
22597
23829
24149
23589
21333
22853
26086
30199
29079
29319
28550
29959
31639
33032
32519
33832
34600
34472
34760
35160
33800
34152
35224
36552
34552
34616
33128
32007
30423
31463
31015
30247
28775
26742
25126
24854
25062
24982
24037
22661
21141
21077
21157
21061
20436
20821
20581
20517
20677
20100
19908
20581
21989
22405
22421
22133
21989
22597
23557
24565
24998
26118
25846
24822
25558
26838
28182
28486
29111
28486
27494
27670
29863
30295
29399
28967
29367
29143
28727
28695
28807
28839
28214
28006
27750
27014
25990
26198
26422
26102
24790
24565
24229
23221
23045
23125
23141
22629
22197
21781
21637
21477
21957
22421
22069
21861
21541
21925
21861
22021
22565
22677
22485
22325
22565
22117
22101
22373
22469
22165
21909
21637
21237
21077
20693
20757
20228
19524
19220
18820
18484
18708
18772
17844
17108
17380
17748
18244
19396
21541
18660
17060
18388
22053
23685
24325
24037
22325
22597
25174
29575
29479
28999
28294
29655
31271
32199
32263
32824
34328
33608
34968
34504
33880
33304
34712
35192
34520
33768
33048
31719
30231
30791
30519
30103
28871
27286
25830
24565
24838
24726
24421
22325
21333
21045
21173
20789
20805
20677
21045
20645
21781
20613
20693
20356
21701
22373
22613
22261
22197
22373
23317
24037
25094
26326
25350
25270
25558
27078
27526
28679
28999
28182
27142
28150
29879
29735
29319
29271
29127
29319
28614
28662
28438
28646
27798
28182
27478
26502
25670
26326
26534
25654
24565
24389
23957
23093
22981
22821
22789
22309
21653
21685
21429
21173
21429
21925
21381
21413
21525
21541
21477
21749
21797
21941
22293
22373
22165
21973
22085
22165
22597
22021
22085
21285
21141
21269
20869
20404
20100
19972
19428
18772
19412
18628
19140
17972
18148
16564
18244
18228
19460
20420
20997
17156
17604
20452
23621
24213
24405
22965
22101
23749
27846
29831
28983
28903
28871
30359
31703
32023
32087
34344
35240
34248
33480
32519
30967
30183
30743
30503
29927
28262
26630
24838
24918
24630
24614
23621
22677
21333
21477
21557
21205
20388
21141
21077
21349
21253
20949
20196
21109
22293
23317
22869
22869
22213
22997
23605
25030
26246
25414
24998
25494
26406
27174
28038
28630
27926
27366
28342
30007
29015
29015
28871
29959
29191
29895
28630
28342
27910
28102
28102
28582
26694
26102
26422
26278
25606
25366
24774
24005
23285
23365
23093
22965
22421
21893
21829
21685
21557
21541
21669
21877
21429
22069
21973
21701
21685
22037
22149
22101
22629
22037
21605
22069
21861
22133
22069
21925
21381
21013
20677
20693
20629
19876
19636
19252
18516
18532
18900
18868
17668
16868
17892
18468
19396
20885
21141
17860
17908
20565
23653
24886
24501
23525
22325
23941
27574
29783
29351
28871
29047
30087
31895
31959
32519
34072
34280
34184
34392
34264
33064
33512
34568
34872
33768
33432
31655
30359
30023
30631
30023
29223
27622
25894
24565
24630
24774
24533
23349
22021
21493
21605
21269
20869
20661
21061
21125
21445
21333
20468
20517
21557
22581
23125
23061
22741
22805
23285
24325
25494
26678
25446
25350
25574
26838
27622
28630
28582
27798
27030
29031
29847
29127
28775
28887
28759
29159
28903
28582
28326
27702
27670
28070
27750
26582
26022
26198
26022
25510
25078
24854
24069
23317
23109
23429
23173
22565
21509
21701
21445
21493
21429
21621
21077
21333
21413
22085
21637
21541
21669
22053
22069
22469
21717
22021
21605
21477
21749
21525
20981
20485
20420
20468
20100
20244
19044
19556
18516
18564
18132
18820
17908
17124
17060
17908
18852
20228
21781
19476
17108
18916
22597
24662
25030
24598
22709
23269
25830
29543
29895
29383
29015
29751
31159
31831
31943
32936
34008
33752
34344
33896
33064
32792
34024
34600
33896
33480
32599
30807
29927
29735
30247
29767
28518
26150
24870
24309
24565
24405
23781
21941
21349
21077
21381
20549
20420
20613
21221
21269
21557
20693
20709
21221
22485
23045
23861
23013
23061
23061
24341
24790
26678
26406
25334
25014
26310
27286
28775
28855
28983
27270
27894
29735
30359
29143
28967
28630
29079
29335
28743
28454
28166
28022
27910
27910
27110
26182
25862
26326
25638
24966
24806
24453
23605
23061
23125
23061
22805
22101
21685
21813
21557
21829
22053
21925
20997
21429
21797
22229
21669
21589
21717
21813
21957
22229
21813
21765
21429
21909
21701
21077
20645
20789
20020
19908
20164
19540
18820
18340
18404
18244
18628
18580
17716
17044
17876
18644
19844
21701
21045
18004
18356
21733
24469
25446
25366
23717
22789
25222
29399
30423
29847
29303
29479
30807
32135
32263
32231
33816
33704
33976
33864
33688
32519
33288
34152
34024
33064
32936
31175
29767
29511
30103
29207
28951
26806
25062
23989
24453
24469
24165
22549
21605
21013
21765
21397
20837
20725
21797
21269
22309
21781
20933
20965
22277
22981
23749
23493
23317
22997
23989
24662
25990
26310
25446
25350
25990
27014
27814
28695
28038
27286
27542
29463
29447
28695
28550
28662
28518
28887
28727
28166
27734
27350
27702
27542
26998
26214
25894
25958
25750
25318
25046
24646
23781
23941
23493
23429
22965
22437
21925
22085
21685
21829
21829
22021
21413
21669
21813
22037
21861
21973
21909
21797
22101
22085
22069
21989
21781
22053
21941
21749
21125
21189
20837
20901
20180
20436
19380
19284
18964
19028
18692
18372
18916
17892
17604
17892
19076
19108
20132
22165
19652
18628
19460
23477
24582
25686
25046
24037
23717
26822
30215
30887
30135
29399
29975
31655
32151
32231
33304
34216
33544
34152
33992
33288
32439
33960
34232
33384
32583
32471
30151
29511
29239
30023
29127
28054
25782
24501
23637
24117
23989
23605
22213
20949
20789
21205
20837
20485
21173
21381
21397
21701
21221
20741
21285
22805
23685
23813
23509
23381
23749
24565
25638
25686
26118
26086
26630
26902
27654
27334
27494
27718
29111
28807
28454
28262
28310
28342
28807
28759
28839
27942
27478
27190
27606
27238
26854
26710
26374
25414
25318
24886
24806
24565
23749
23365
22997
22885
22085
22485
22149
22949
21829
22437
21381
22069
21605
22485
22069
22021
21333
22021
22085
22037
21941
22005
21957
21781
21333
21845
21605
21813
21093
21573
20741
20821
19796
20036
19716
19220
18932
18868
18164
18340
18196
17812
