23941
20693
19988
19300
19316
19332
20324
20805
21205
22085
22677
22997
23621
24341
25062
25606
25878
26422
27142
28486
28823
29703
29895
30679
31319
31623
31943
32311
32519
32519
32151
31335
30663
29943
28935
28454
27190
26390
25014
24598
23989
23957
23573
23893
23525
24021
23973
24565
24886
25846
26278
26886
26950
27526
27670
28390
28390
28855
28662
28759
28486
28358
28246
28246
28086
27590
27206
26726
26326
26006
25750
25382
24790
24341
23893
23573
23285
23189
22917
22741
22549
22501
22453
22549
22677
22741
22725
22693
22581
22437
22277
22309
22293
22053
21685
21157
20645
20132
19588
18884
18260
17588
16948
16355
15907
15427
15059
15123
15299
15571
15939
16708
17380
18468
19764
21557
23845
26262
27958
29463
31111
33304
35512
37161
37305
37705
37945
37977
36696
34008
32808
31207
29143
26486
24886
23749
22501
21141
20468
19604
19108
19044
19028
19300
20020
20485
20885
21541
22245
22597
23141
23877
24565
25158
25670
25814
26294
27158
28070
28903
29383
29943
30599
31495
31783
32151
32455
32695
32663
32487
31767
31031
30247
29655
28582
27926
26662
25686
24758
24517
23733
23781
23509
23493
23557
23909
24101
24565
25206
25798
26326
26886
27046
27334
27798
28166
28326
28502
28486
28422
28454
28390
28246
28166
27990
27718
27414
27046
26662
26246
25942
25606
25126
24678
24277
23829
23493
23333
23173
22917
22869
22645
22709
22501
22741
22677
22933
22821
22933
22581
22709
22533
22821
22325
22261
21701
21317
20869
20372
19860
19204
18516
17812
17300
16724
16131
15715
15411
15395
15507
15907
16083
16852
17700
18676
19876
21285
25430
27830
29143
30743
32583
35016
36584
37529
37433
38313
38153
37785
36264
34920
33720
32455
30775
28502
26182
24822
23765
22357
21269
20533
19700
19348
19380
19332
19876
20356
20677
21061
21973
22453
22965
23461
24341
24758
25574
25702
26054
26726
27990
28550
29511
29719
30439
31223
31911
32087
32471
32808
33048
32936
32599
31671
31239
30503
29799
28695
27830
26566
25766
24950
24501
23845
23861
23861
23765
23877
24501
24357
25158
25398
26246
26374
26950
27062
27414
27702
28134
28310
28310
28438
28342
28150
28310
28086
27862
27846
27414
27126
26534
26262
25734
25766
24998
24614
24101
23733
23269
23093
22805
22613
22229
22309
21925
21989
21781
22053
21765
22037
21637
21749
21381
21189
21189
21157
20901
20613
20292
19748
19364
18964
18356
17668
16948
16484
15827
15347
14819
14403
14243
14531
14515
14755
15491
16307
17108
18244
19636
21349
24069
26150
27750
29207
31255
33304
35288
36200
36360
36440
37049
36584
35336
33736
31847
30263
28310
25910
23909
22805
21509
20100
19156
18388
17684
17540
17460
17540
18004
18644
18884
19300
20196
20549
21045
21573
22325
22997
23605
23893
24197
24902
25846
26486
27350
27814
28823
29399
30119
30135
30663
30807
31191
30727
30487
29383
28823
28038
27190
26166
25446
24261
23749
22677
22501
21893
22181
21685
22021
21941
22293
22581
23397
23685
24421
24565
24854
24918
25542
25830
25958
26182
26342
26278
26406
26438
26422
26310
26342
26102
25718
25414
25046
24565
24325
23989
23493
23045
22549
22021
21701
21509
21301
21045
20869
20709
20533
20533
20501
20468
20468
20565
20308
20276
19892
19812
19588
19364
19076
18564
18052
17700
17060
16371
15811
15235
14611
14147
13747
13283
13219
13571
13747
14035
14643
15619
16580
17764
19284
21397
24261
26230
27974
29223
31575
33656
35784
36424
36616
36664
37513
36520
35016
33480
32519
30839
29207
26710
24533
23013
21925
20308
19268
18612
17956
17444
17620
17588
17988
18708
19124
19508
20356
20933
21333
21941
22725
23493
24261
24582
24918
25654
26806
27590
28502
29127
30087
30695
31687
31927
32279
32695
33160
32808
32776
31655
31383
30183
29591
28422
27398
26358
25302
24485
24037
23621
23477
23173
23093
23173
23525
23797
24341
24582
25270
25750
26038
26262
26774
27270
27542
27830
28054
28038
28166
28198
28214
28198
28246
27974
27590
27430
27110
26534
26102
25910
25350
24854
24213
23941
23205
23109
22693
22357
21989
21909
21653
21557
21509
21477
21397
21429
21429
21253
21061
21429
20917
21093
20757
20452
19956
19556
19252
18532
17956
17508
16740
16227
15923
15523
14995
14915
15203
15427
15875
16500
17220
18052
19540
20821
23269
25718
27878
29351
31143
33144
35528
37209
38121
38185
38665
38953
37961
36584
35176
34088
32856
30615
28086
25798
24678
23269
21701
20661
20196
19268
19060
18884
19060
19428
19988
20420
20933
21573
22165
22565
23269
23973
24694
25286
25718
25990
26854
27830
28711
29511
30215
31063
31943
32663
32968
33464
33896
34152
33960
33448
32663
32103
31399
30519
29319
28246
26966
25958
25046
24549
24085
24069
23493
23493
23557
23749
24069
24565
24966
25510
25942
26374
26390
27334
27478
28166
28022
28582
28310
28550
28390
28662
28294
28470
28006
27798
27446
27078
26326
26118
25606
25190
24565
24101
23365
23013
22693
22357
21925
21653
21285
21205
21029
21013
20997
20997
20933
20853
20773
20661
20565
20677
20581
20468
20148
19828
19444
19124
18692
17860
17316
16660
16307
15571
15331
14819
14675
15043
15395
15555
16275
17028
18020
19268
20869
22965
25558
27734
29415
30759
33240
35384
37257
38057
38249
38745
39273
38425
36969
35560
34504
32984
31591
28727
26710
24838
24021
22069
21221
20116
19588
18916
19140
18756
19204
19844
20196
20549
21301
21893
22277
22869
23685
24229
25046
25318
25638
26182
27158
27942
28759
29399
30023
30967
31751
32039
32535
33128
33384
33272
32984
32151
31543
30871
30055
29079
28086
26822
25510
24582
24165
23589
23333
22789
22357
22549
22837
22757
23093
23749
24293
24614
25062
25174
25622
26166
26582
26822
27126
27222
27174
27350
27462
27366
27350
27158
26774
26454
26246
25558
25110
24886
24517
23861
23221
22645
22149
21893
21509
21205
20821
20613
20196
20212
20052
20084
19972
19988
20004
19972
19796
19876
19716
19796
19540
19396
19092
18708
18356
18052
17396
16724
16131
15443
14899
14419
13987
13459
13427
13635
13763
14243
14979
16083
16868
18260
19908
22549
25126
27334
28598
30823
33176
35736
37209
37961
37945
39017
38825
38009
36216
35352
33608
32647
29911
27398
25142
23973
22229
20965
19844
19108
18068
18052
17684
17828
18340
18948
19124
19956
20661
21093
21557
22261
22949
23861
24517
24565
25158
26054
26950
27814
28775
29111
30247
31143
31767
32071
33064
33256
33832
33432
33080
32263
31767
31015
29975
29079
27990
26470
22997
22709
22053
22037
22213
22309
22469
23205
23621
24213
24662
25142
25302
26182
26582
26934
27238
27622
27526
27878
27798
28150
27670
27990
27398
27078
26806
26310
25782
25446
25046
24565
23973
23573
22789
22693
22037
21781
21205
21093
20709
20629
20501
20420
20501
20501
20452
20485
20436
20260
20260
20388
20292
20036
19780
19332
18868
18660
18068
17348
16692
16131
15459
14851
14547
14099
14019
14179
14659
15059
15971
16644
17860
19364
21669
24517
26886
28775
30663
32776
35528
37817
39225
39369
39881
40473
40041
38569
37241
35864
34456
32647
30151
27270
25654
24117
22677
21013
20132
19108
18484
18308
18148
18516
19204
19588
20228
20565
21557
21653
22533
22917
23733
24517
24870
25126
25734
26582
27702
28550
29159
29767
30999
31751
32343
32792
33384
33752
34408
33832
33576
32439
32135
30887
30215
28919
27926
26086
25190
24021
23605
22629
22277
21829
21797
21813
21925
22117
22837
23525
24341
24614
25110
25558
26198
26662
27190
27526
27798
27846
27958
27878
27926
27958
27734
27558
27318
26934
26374
25830
25526
25142
24790
24293
23541
22965
22629
22213
21861
21525
21189
20981
20773
20693
20613
20565
20613
20661
20597
20533
20404
20324
20372
20501
20164
20292
19540
19236
18660
18260
17444
16804
16163
15539
15075
14531
14275
14211
14515
14675
15283
15891
16996
18004
19764
22341
25286
27606
29511
31367
33864
36728
38969
39721
40361
40633
40601
39577
38281
36808
35400
33880
31895
29047
26454
24758
23237
21461
20164
19252
18340
17764
17764
17732
18212
18708
19140
19652
20661
21141
21541
22117
22949
23685
24565
24565
24726
25414
26342
27078
27910
28470
29239
30135
31319
31479
32455
32776
33352
33512
33640
32647
32327
31511
31015
29671
28935
27270
26134
24710
23989
23045
22485
21973
21653
21701
21813
21909
22197
22885
23861
24565
24982
25318
25942
26550
27174
27462
27782
27990
27974
28198
27942
28054
27830
27766
27462
27110
26710
26182
25814
25430
25222
24662
24117
23637
23125
22821
22293
21973
21589
21445
21061
21173
20805
20901
20693
20757
20757
20741
20581
20501
20404
20501
20356
20228
19812
19476
19140
18644
18020
17428
16852
16211
15747
15139
14579
14403
14371
14419
14803
15363
15907
16900
18036
19764
22133
24726
26870
28727
30599
32952
35464
37673
38409
38921
39689
40137
39049
38105
36520
35560
33736
31911
29095
26870
25014
23541
21861
20853
19764
19108
18388
18356
18180
19044
19348
20052
20308
21157
21637
22309
22741
23461
24133
24790
25046
25318
25942
26678
27558
28438
28967
29735
30583
31463
31815
32695
33160
33800
33752
34008
33000
32936
32055
31383
30295
29751
28118
27206
25750
24902
23989
23765
22981
23093
22789
22933
22869
23445
23877
24774
25270
26198
26310
26822
27462
27846
28182
28566
28470
28598
28566
28534
28342
28214
27910
27686
27526
27110
26502
26214
25734
25430
25030
24565
24005
23589
23189
22853
22389
22165
21765
21605
21397
21253
20965
20933
21029
20949
20917
20869
20661
20468
20549
20452
20164
19844
19524
18948
18436
17924
17204
16548
15859
15347
14723
14275
13859
13859
13971
14291
14771
15507
16436
17396
19236
21589
24373
26566
28630
30135
32695
35160
37305
38153
38729
39193
40041
38825
37545
36040
35000
33448
31511
28807
26454
24565
23125
21333
20180
19364
18452
17812
17796
17812
18532
19092
19428
20292
21125
21573
22069
22725
23557
24325
24902
24934
25302
26070
27062
27734
28566
28935
29879
30727
31591
31927
32856
33000
33464
33464
33528
32711
32311
31511
30759
29895
29111
27494
26438
25494
24630
24197
23461
23093
22981
23221
23397
23701
24325
24982
25750
26630
27270
27798
28470
29079
29447
29895
29991
29911
29991
30007
29703
29559
29207
28935
28454
28214
27430
27190
26742
26422
26054
25670
25222
25046
24485
24485
23861
23925
23333
23381
22869
23141
22709
22869
22485
22581
22421
22357
22181
22165
21925
21749
21541
21269
20821
20420
19924
19396
18756
17988
17236
16548
15907
15443
14979
14515
14387
14595
14691
15171
15923
16820
17956
19636
22197
24614
26710
28390
30503
32872
35768
37209
38185
38585
39481
39433
38873
37145
36328
34648
33416
30759
28470
25686
24277
22197
20613
19300
18340
17220
16724
16548
16676
16900
17620
17812
18468
19236
19860
20148
20789
21589
22437
22933
23205
23429
24085
24742
25526
26150
26678
27318
28118
28855
29271
30087
30423
30871
30807
30887
30295
29767
29191
28422
27494
26566
25142
23973
23013
22309
21205
20565
20084
19972
19956
20404
20468
20997
21829
22757
23237
24149
24565
25222
25878
26598
26758
27094
27046
27238
26886
27270
26518
26534
25846
25910
25254
24934
24421
24213
23813
23557
23141
22677
22293
21893
21637
21317
20997
20933
20661
20468
20372
20420
20260
20356
20404
20485
20613
20452
20452
20324
20581
20196
20196
19668
19428
18932
18788
17988
17444
16692
16003
15363
14883
14275
13859
13667
13651
13795
14163
14563
15555
16259
17684
19028
21637
24021
26582
27878
29911
32087
34856
36712
38137
38185
39321
39433
38985
37625
36536
35288
34008
32167
29975
27174
25798
24005
22677
21061
20244
18996
18756
18148
18260
18340
19108
19124
19732
20436
21125
21637
22245
22853
23813
24469
24774
24982
25606
26262
27318
27926
28470
29031
29975
30695
31335
31879
32535
32711
33192
33208
32904
32327
31927
31159
30423
29527
28406
26950
26038
24982
24261
23653
23141
22565
22661
22629
22773
23093
23637
24245
24902
25622
26198
26630
27142
27670
28118
28374
28566
28470
28598
28374
28342
28006
27750
27494
27334
26870
26278
25910
25526
25142
24902
24501
23989
23541
23093
22741
22437
22341
21813
21765
21541
21445
21157
21141
20901
20917
20917
20821
20645
20468
20452
20388
20036
19940
19476
19028
18564
18068
17380
16564
16147
15459
14979
14499
14211
14051
14131
14483
14899
15635
16355
17556
18708
21093
23397
26006
27862
29783
31591
34232
36296
38297
38601
39049
39737
39833
38697
37513
36104
34776
33144
31079
28406
26422
24598
23317
21557
20725
19524
18692
18260
18148
18372
19124
19236
19908
20436
21333
21877
22469
22997
23765
24565
25254
25286
25766
26214
27110
27942
28630
28967
29655
30391
31159
31495
32039
32359
32840
32904
32808
32295
31831
31191
30615
29719
28999
27702
26406
25382
24662
24053
23525
22997
22885
22853
23045
23189
23765
24245
24886
25494
26214
26518
27142
27382
28182
28294
28695
28438
28470
28326
28246
27942
27798
27430
27110
26822
26406
25878
25574
25126
24886
24565
24309
23685
23557
21493
21541
21301
21349
21173
21205
21061
20901
20757
20837
20709
20677
20388
20276
19748
19588
18756
18228
17508
16804
16195
15619
15043
14563
14003
13859
13859
14099
14243
14835
15603
16580
17732
19332
21221
23973
26214
28118
29703
32087
34328
36536
37801
38329
38825
39417
38921
38089
36680
35432
33784
32311
30023
27654
25622
24133
22309
20965
19988
18932
18004
17700
17572
17796
18356
18516
18900
19748
20485
21045
21605
22101
23013
23941
24485
24565
25062
25766
26502
27398
28230
28566
29399
30151
30727
31271
31927
32263
32840
32776
32776
32167
31767
31127
30647
29831
28903
27686
26582
25574
24774
24357
23765
23317
23189
23253
23205
23477
23861
24405
25014
25734
26134
26646
27126
27654
28134
28695
28935
28855
28887
28967
28807
28791
28679
28374
28262
27798
27462
26982
26582
26150
26006
25478
25222
24565
24357
23845
23861
23333
23141
22853
22725
22581
22613
22373
22405
22277
22405
22229
22405
22005
21957
21653
21541
21253
21077
20565
20228
19732
19204
18564
17972
17332
16788
16195
15667
15315
15171
15283
15475
15891
16468
17316
18276
19428
20757
22725
25174
27526
29111
30919
32840
35048
37033
38297
38761
39129
39929
39209
38185
36953
35800
34168
32824
30663
28326
26214
24870
23029
22021
20933
19988
19028
18644
18484
18740
18996
19364
19652
20388
21077
21589
21973
22597
23429
24357
24806
25014
25510
26230
26966
27990
28406
28999
29527
30471
30871
31703
31815
32535
32439
33112
32343
32167
31527
31383
30295
29639
28614
27446
26374
25510
24630
24149
23509
23109
22821
22805
22693
22965
23205
23685
24245
24710
25094
25542
25846
26278
26822
27158
27414
27462
27462
27318
27190
27062
26934
26694
26422
26118
25622
25014
24614
24309
24085
23605
23237
22581
22229
21797
21509
21205
20933
20629
20468
20196
20148
19940
19732
19732
19796
19732
19844
19428
19300
19204
19252
18948
18884
18228
17972
17236
16964
16131
15795
14803
14707
13875
13763
13187
13459
13123
13779
14163
15235
15699
16772
18180
20020
22709
25078
26950
28727
30679
32920
35176
36840
37449
38025
38569
38601
37705
36568
35240
33800
32215
30295
27862
25734
23973
22565
20901
19956
18692
17700
17172
16996
17156
17636
17956
18436
19252
20052
20773
21269
21845
22549
23621
24405
24565
24902
25350
26214
27078
27782
28166
28855
29543
30167
30615
31223
31495
31783
32359
32263
32183
31431
31031
30343
29783
29079
27862
26678
25878
24854
24293
23589
22981
22597
22821
22709
22853
22917
23589
23877
24790
25094
26022
25942
26534
26854
27670
27702
27846
27734
27750
27734
27542
27158
26982
26710
26406
25942
25526
24998
24598
24293
24133
23653
23141
22629
22309
22037
21829
21685
21413
21189
21173
20933
20773
20709
20581
20629
20549
20468
20292
20068
19924
19908
19732
19588
19380
18852
18580
18164
17636
16948
16323
15875
15411
14995
14483
14163
14163
14339
14675
15139
15891
16660
17732
18868
20709
23061
25510
27622
29175
31175
33192
35688
37161
38025
38585
39433
39257
38873
37545
36504
35064
33720
31895
29767
27318
25414
23781
22325
20981
19908
18772
18052
17828
17732
17972
18404
18724
19396
20260
20885
21429
22053
22741
23861
24549
24854
25254
25782
26566
27286
28038
28454
29127
29687
30423
30887
31431
31895
32263
32471
32599
32519
32087
31511
30983
30391
29767
28598
27590
26406
25494
24614
24357
23509
23173
22917
23205
22773
23269
23269
24069
24357
25254
25382
26022
26070
26550
26982
27526
27494
27574
27526
27606
27350
27158
26950
26646
26470
26054
25574
25126
24710
24373
24021
23733
23221
22757
22277
22101
21797
21589
21269
21157
20981
20933
20661
20597
20517
20468
20517
20356
20276
20180
20036
19908
19764
19716
19428
18996
18612
18228
17604
17076
16355
15683
15123
14595
14083
13635
13331
13443
13603
13843
14419
15107
15971
17156
18564
19924
22549
24758
26806
28470
30455
32327
34616
36248
37353
37833
38537
38729
38185
37145
36136
34776
33464
31767
29623
27366
25798
23813
22149
20949
19892
18644
17860
17316
17236
17588
17684
18148
19076
19668
20308
21013
21733
22501
23733
24421
24982
25270
26278
26694
27654
28422
28967
29591
30567
30999
31623
32103
32792
32824
33464
33224
33128
32599
32263
31447
31015
30263
29239
28118
27206
26342
25574
24854
24373
24053
23861
