31255
31495
31591
31687
33848
32824
31079
30679
30055
28534
27302
26726
26710
27478
27302
26182
26022
23973
21653
21845
23637
25350
25750
25910
24998
25254
24565
24373
25286
27302
28486
29831
29591
28470
28166
28662
27990
29335
29671
29959
29287
29255
27094
25878
25382
25446
24565
24758
24630
24341
23189
22341
20549
20164
20196
20340
20501
20452
20308
19908
19412
18788
18564
19044
19700
20228
20533
20052
19636
19364
18980
18756
18996
19588
19716
19732
19348
18484
17796
16788
16484
15827
16307
16115
15875
14947
14675
14083
16035
16147
15363
16211
17092
18836
19764
22485
27430
32023
32151
28262
27286
30279
33672
36584
38201
40873
40601
37577
32647
30951
33416
36200
35576
33256
31767
30471
27366
24614
22085
22357
22709
22341
20869
20244
19748
19172
18068
16852
16227
20789
22885
22853
22213
22933
23509
24133
25030
27318
30199
31927
31015
30295
30247
31175
31159
31623
31543
33736
33320
32151
29495
29879
28070
27734
25990
27174
26630
27254
25750
24838
23909
23781
22757
22117
23397
24806
25478
25238
24870
24229
25542
25766
26054
26726
28662
29255
30039
29607
29111
29015
29415
28807
28855
29207
30231
29767
28823
27110
25782
25014
25606
24726
24758
24565
24325
22965
21781
20324
20388
21013
21381
20837
20645
20420
20052
20052
19716
19812
19636
20661
20741
20949
20452
20773
20356
20292
19700
19476
19668
20068
19988
20020
19220
18612
18068
17636
16628
16259
16019
16275
15683
15139
13955
14515
15683
17332
16179
16548
17076
18612
19764
21765
27030
32135
32679
28743
27110
28887
32327
35144
37385
40041
40537
37481
32824
30279
32503
34696
33016
31895
30871
28118
25174
22709
22021
22549
22085
20997
21045
20485
19780
18676
17620
16355
17460
19764
22661
23733
23237
23061
23605
24309
24646
26086
28839
31479
31271
30423
30119
30743
30951
31239
30791
32679
33128
32359
29671
29415
28438
27686
26118
26118
26054
26902
26358
25686
24854
24469
23317
22277
22725
24421
25462
25910
25830
24982
25574
25798
25814
26806
29143
29607
29975
29239
28903
28903
29015
28727
29175
29623
29735
28887
27878
26454
25462
25174
24982
24822
24678
24565
23685
22533
21717
20837
20965
20997
20949
21029
20837
20581
20324
20196
20100
19956
20468
20773
20965
21429
20837
20501
20132
20100
19588
19844
20132
20597
20452
20004
18948
18212
17428
17220
16836
16644
16772
16612
16035
14899
14819
15907
16644
16051
17364
18020
19028
19748
22501
28086
31111
30247
27030
27814
29959
33112
34648
37449
39817
40105
35496
31287
31127
34552
35784
34024
32039
31767
29783
26886
24101
22485
23285
23477
21861
20645
20468
20292
19780
18516
17172
17028
18980
21381
23301
23077
22869
23589
24213
24229
24870
27302
30583
31655
30519
30055
30183
31287
31271
31319
31031
33656
33352
31831
29207
29367
28150
27686
26054
26566
26454
27478
26630
25574
23669
23893
22709
23045
23989
25606
25622
25574
24662
24389
25430
26310
26758
27750
28470
29207
29623
29495
29127
29191
29463
29239
29063
29367
29735
29367
28518
27158
25766
25830
25766
25366
24582
24662
23989
23125
22069
21509
21221
21589
21461
20965
20725
20997
20789
20468
20308
20036
20613
20693
20997
20805
21429
21253
20997
20549
20468
20501
20805
20965
20501
19764
19236
18868
18468
17892
17172
16692
16468
16163
15747
15683
15971
16772
16708
15555
16548
17684
19092
19876
22117
26278
30999
30807
27670
27126
29639
32279
34040
36088
39001
39897
37289
32551
30279
32583
34872
34200
32695
31671
30647
27670
24918
22357
22261
23173
22693
21301
20997
20420
20148
19124
17636
16660
18340
20805
22885
23205
23205
23349
24261
24133
24582
26070
29495
31127
31063
30007
30215
30279
30535
30695
32055
32824
32888
30599
30103
29175
28374
27270
27174
26646
27718
27574
26342
24966
25062
24245
22485
22853
24325
25510
25894
25302
24037
24565
25510
25942
25558
27046
27974
29111
28951
28743
27830
28695
28935
28374
28086
28727
29191
29111
27942
26438
25446
25878
25526
24565
24726
24149
24005
22981
22181
20885
21205
21477
21461
20645
21061
20533
20773
20036
19844
19668
20244
20645
20517
20933
20629
20741
20372
20901
20068
20308
20629
20565
20020
20340
19780
19524
19412
18916
18468
17332
17140
16291
16740
16131
15843
15203
16420
17172
17044
15875
16676
17588
19124
20212
22357
27030
31159
30471
27110
26806
29255
32359
34216
36248
38313
39385
36376
32135
30135
32679
34504
33768
31943
31191
29767
27686
24565
22325
22405
22917
22053
21397
20933
20324
19972
19076
17588
16948
18612
21157
23029
23301
23013
23141
23957
24469
24998
26470
29735
31031
30727
30007
30199
30327
30823
30599
32391
32952
32936
29879
30311
28903
28614
27174
27478
26838
28326
27254
25990
24453
24854
24197
23173
23045
24710
25350
25750
24565
23605
25110
26502
26326
25862
27014
28166
29127
28791
28374
28054
29175
29111
28326
27830
28598
29015
28775
27238
25622
25302
26118
25558
24614
24309
24117
23541
22789
21541
21045
21525
21973
21237
20613
20100
20485
20452
20549
19764
20196
20581
21125
20308
20917
21077
20805
20629
20324
19892
19988
20308
20420
19876
19748
19540
19172
18612
18004
17476
17348
16612
16019
16051
16115
15523
16307
16932
16804
15731
16676
17572
19716
20805
23717
26854
30967
30743
27654
27302
30295
32792
34856
36376
38809
39321
36552
31911
30103
32439
35176
33512
32327
31287
30375
27126
24662
21733
22741
22997
22677
20805
21221
20308
19940
18452
17604
17188
19044
21141
23173
23317
23317
23429
24085
24565
25046
26502
29463
31431
30983
30039
29975
30375
30471
30503
30279
32439
33816
32231
28598
28630
27462
27142
26038
26582
27318
28454
27366
25062
22901
23445
23685
23205
24485
25558
26566
25766
24966
23877
25606
26822
27350
27286
28182
29015
29943
29223
28679
28518
29191
28727
28646
28502
29063
29079
28502
26710
25190
24630
25478
25094
24229
24277
23525
22869
21829
21029
20693
21093
21125
21093
20533
20485
20533
20677
20004
19908
20004
20645
20693
21125
21141
20837
20533
19988
19988
19636
20004
20485
20404
19924
19348
18484
18132
17508
17476
16692
16676
16003
15715
14819
15011
16163
17316
16612
16179
16516
17860
18756
20517
22965
28374
32279
31351
27398
27590
30311
33304
34664
37337
39689
40649
36937
31879
30071
33192
34888
34216
31703
31671
30023
27766
23893
21813
22021
22981
22069
21077
20517
20452
19924
19076
17476
17124
18788
21813
23493
24005
23445
24005
24565
25110
25286
27430
30039
31879
31415
30791
30599
31143
31143
32808
30935
29399
28294
27302
26550
26086
26070
26406
26630
26822
24998
23893
23141
22693
23045
24517
26086
26374
25766
24854
24549
25030
26326
27670
28550
28759
29175
29287
28903
28903
29239
29751
29591
28695
28262
28679
28646
28166
26774
25446
24806
24934
24549
24277
23957
23685
23013
21605
20997
20677
21221
21589
21477
20965
20773
20965
20885
20212
20260
20677
21221
21509
21573
21189
20885
20965
20821
20036
20020
20677
21077
20164
19796
19156
18948
18820
18212
18020
17380
16772
16163
15955
15123
14723
15267
16147
16804
16259
16115
16836
18468
19140
20228
22405
27830
31719
31655
27990
28342
30519
33064
34296
36664
39257
40553
36953
32711
30423
32647
34600
33544
31607
31303
29831
27526
24213
22149
21925
22709
21605
21029
20196
20260
19812
19300
17636
17124
18660
21045
23093
23653
23701
24293
24598
24790
25238
26918
29847
31671
31271
30455
30663
30775
30775
30631
30551
32183
32792
32071
29559
28502
27270
26854
25830
25686
26598
27430
26438
25046
23989
23365
22661
22597
23941
24790
25846
26342
25446
24181
25062
26454
26870
27190
28118
29095
29575
29575
29143
28662
29063
29111
28775
28486
28823
28999
28454
26790
25302
24533
24982
24758
24565
24133
23589
22741
22245
20965
20581
21173
21637
21429
21333
20933
20773
20693
20645
20404
20228
20789
21381
21669
21557
21397
21477
20805
20885
20613
20757
21013
20677
20693
19748
19236
18980
19156
18660
17924
17604
16452
16131
16307
15907
15043
15123
16291
17092
15875
16067
16836
18244
19348
20452
22213
26998
31495
31415
28102
28166
30263
32439
34248
36312
38825
40153
37401
32615
30631
32343
34328
33288
32007
30695
29911
27318
24614
21717
21781
22197
21701
20709
20613
19988
19796
19252
17812
16900
18436
20997
23125
23621
23717
24213
24565
24966
25142
26838
29687
31671
31223
30967
30423
30791
30887
30823
30295
32359
32984
31879
29191
28951
27350
26774
25542
26182
26870
28118
26806
24870
23365
23461
22853
22997
24261
26326
26598
26278
24213
24149
25110
26934
27302
28182
28646
29415
29431
28679
27910
29079
29527
29239
28582
28646
28871
28646
27670
26166
24998
25350
25334
24982
24133
23941
23285
22517
21141
20837
20917
21701
21541
21029
20581
20388
20356
20388
20068
20180
20805
20981
21141
21205
21301
20805
20661
20485
20052
20020
20228
20485
20709
19972
19284
18756
18260
18100
17796
17476
16612
16388
15971
15555
14803
15539
16452
17348
16388
16275
16404
18740
20052
21829
23333
29287
31559
30551
27062
28807
30727
34024
34680
37129
38361
39449
35496
31399
30423
33160
34120
32327
31047
30087
28999
26326
23589
21109
22101
21909
21605
20613
20949
19796
20276
18836
18180
17460
19860
21765
24229
23365
24181
24149
25606
25478
26374
28951
31575
31383
30535
30519
30887
30903
30567
30119
31191
32872
32503
30119
28983
27590
27046
25990
26150
26102
27494
27574
26214
24117
23125
22837
22997
23637
24565
25798
26726
26278
24710
24646
26374
26870
27846
28054
29271
30103
30295
29143
28903
28823
29223
29191
29095
28887
29191
29015
27318
25734
24646
25238
25094
24998
24229
23957
23221
22821
21381
20741
21317
21317
21589
21189
20837
20661
21061
20581
20581
19828
21189
21205
21861
21413
21621
21013
21077
20228
20276
20324
20965
20485
20805
19764
19540
19140
18836
17796
17364
16612
16259
15891
16115
15555
15667
15875
17572
16676
16612
16532
17892
19236
20404
22277
25622
30695
32103
29399
27990
29591
31991
34056
35544
37849
39817
38425
34408
30775
31463
33448
33560
32183
30967
30199
28262
25494
22501
21429
21797
21989
21269
20805
20244
20116
19860
18660
17380
17956
20613
22741
24165
23941
24485
24918
25638
25238
26374
28887
31479
31783
31239
30935
31079
30935
30791
31111
32023
32391
31191
30519
29239
28214
27206
26886
25926
26550
26374
26758
25702
25158
24037
23045
22485
23685
24582
25990
26054
25942
25174
25366
25862
26694
27414
28550
29399
29831
29607
28823
29191
29143
29479
28951
28695
28759
29223
28486
27286
25830
25494
25030
24742
24229
24277
23781
23397
22357
21429
20773
20917
21333
21269
21141
20965
21125
20709
20468
20196
20404
20805
21269
21397
21349
21333
21237
20885
20693
20292
20404
20452
20917
20308
20020
19204
19348
18196
18212
17284
17252
16436
16932
16388
15571
15043
15107
16420
17108
16339
16388
17844
18788
19636
20821
23861
28791
31847
30535
27958
28983
31335
33320
34760
37033
39177
39257
35800
31735
30999
32727
34232
32551
31463
30295
29207
26646
24149
21669
22101
21941
22037
20789
20420
20180
20565
19268
18100
17588
19348
21845
23461
23685
24053
24565
25334
25318
26022
27510
30359
31463
31255
30727
30983
30631
31143
30519
32039
32263
32199
30551
29831
28086
27094
26374
26102
26326
27286
26902
25702
24630
23973
23525
22853
23509
24565
25798
26038
25622
24598
25814
26086
26822
26582
28150
28919
30535
29463
28871
28438
29063
28855
28695
28630
29287
29303
28871
26966
25542
25590
25590
25030
24245
24085
23541
22789
22229
20885
20533
20741
20933
20581
20276
20020
20372
20404
19908
19716
19924
20276
20661
21093
20949
21333
20869
20901
20116
20324
19940
20741
20100
20501
19908
19556
19124
18996
17684
17476
16388
16564
15955
16339
15635
14547
15059
15971
16452
16051
16580
17380
18980
19508
21285
24101
30007
31975
29975
27830
29495
31063
33992
35112
37945
39625
39705
35000
31463
31495
34088
34264
32727
31559
30455
28695
26134
23221
21669
22069
21797
20949
20276
19812
19092
19668
18468
17348
16900
19716
21525
23365
23109
23701
24085
25302
24934
25622
27734
30903
31319
31031
30679
30999
31159
31079
30519
30695
32936
33016
32279
29159
28486
26934
26886
25814
26710
26854
27734
26294
25622
23317
23125
23045
24165
23637
24854
25558
26406
25302
25094
25558
26454
26518
27318
28166
29351
30471
29719
28807
28534
28390
28679
29191
29015
29207
28855
27830
26070
25222
24598
24918
24421
24005
23493
23125
22373
21317
20581
20388
20292
20308
20613
20533
20388
20452
20260
19460
19540
19764
20533
21173
21301
21077
20965
20549
20004
20100
20485
20613
20613
20436
20196
19204
19428
19012
18228
17540
17620
16580
16323
15795
15875
14915
15171
16211
17044
15683
15747
16484
18148
18852
20933
23797
29735
31767
30359
26886
28614
30935
34072
35048
37993
39849
40073
34776
31767
30823
34248
34824
33640
31815
31543
29431
27062
23525
21909
22549
23093
21605
21173
20485
20100
19652
18740
16948
17172
18996
21413
22805
22933
23285
24005
24565
31015
31175
31511
31303
30983
31655
34072
33256
31127
28839
28518
27958
27270
25942
27158
27798
28086
25734
23701
22949
23589
23445
23749
23973
25702
25702
25830
24277
24710
25830
26982
26598
27174
28230
30023
29703
28727
28118
28711
28759
29495
28967
29111
29159
28630
27286
25606
24918
25254
25414
24565
24005
23093
23061
21909
21173
19972
20260
20308
20372
20116
20164
20052
20100
19684
19268
19364
19972
20709
20837
21029
20549
20501
20116
20196
19940
20244
20549
20180
20004
19444
19588
18884
18692
17604
17028
15971
16227
15603
16035
15203
15715
16548
16388
15107
15539
17076
18692
19780
21957
27334
31767
31511
27574
27270
29735
32439
34456
36584
39561
40745
37609
32535
30375
32295
35272
33944
32695
31783
30903
27926
25062
22437
22501
22613
22741
21317
21573
20196
20292
19220
18068
16484
17988
20180
23189
23317
23093
23429
24565
24565
24742
25942
29527
31639
31399
30935
30663
31415
31335
31415
31063
31687
32039
34152
32984
30983
28390
27814
26118
26054
26006
28166
28470
28775
25718
22885
21141
22453
23813
24565
25542
26726
26470
25014
24277
24453
26294
27238
28102
28390
29207
29671
29767
28630
28246
27958
28839
29127
29767
29559
29191
27862
26502
25062
24646
25078
25542
24790
24149
22949
21973
20757
20468
20372
20436
20388
20276
20148
19940
19764
20020
19300
19428
19428
20420
20997
21541
21477
21685
20661
20180
20196
20677
21221
21013
21125
20020
19876
18964
19172
18148
18228
17572
17316
15827
16291
15315
15523
14947
16404
16323
15795
15619
17284
18020
19268
21157
25846
30311
31815
28903
27462
28759
32055
33928
36232
39065
40857
39129
34280
31159
32071
34504
34600
32968
32183
31367
28999
26054
23237
22501
23077
22373
21653
20757
20485
20244
19540
17924
17028
17460
19812
21957
23109
23029
23717
24133
24517
24341
25270
28326
30599
30807
30487
30471
31079
30855
31383
30743
32183
33240
33160
31543
30775
29319
28358
27542
27302
27622
28422
27974
27382
25878
24197
23077
22357
23429
24133
25334
25654
25286
24021
24774
24565
25494
25958
27606
28054
29063
28630
28775
28390
28630
28294
28630
28534
29447
29351
29079
27974
27094
26006
25798
25142
25158
24886
24517
23877
22405
21173
20837
20661
20372
20164
20276
20116
20116
19860
19508
19252
19348
19444
19972
19796
20965
20741
21269
20228
20244
19668
20629
20404
20981
20581
20965
19924
19732
18964
18660
18548
17892
17300
16740
16644
16051
15587
15699
17540
16692
15779
15427
17476
18196
19540
21189
24758
29559
30615
27686
26534
28662
31447
33416
34712
38041
39465
38249
33816
31431
32247
34984
34520
33080
32423
31447
29383
26806
24053
22901
23061
22885
22181
21093
20308
20340
20260
18436
17092
17172
19716
21909
22469
22053
23317
23637
24165
23733
24902
27302
30055
30199
29991
29863
30439
30487
30503
30135
32263
32407
32792
31767
31143
29191
28358
27878
27862
27974
28454
28679
27750
25782
24181
23333
22773
24133
24758
25366
24710
24245
23733
24533
24037
25014
26358
27238
27110
28182
27926
28038
28150
28486
27814
28550
28711
29751
28630
28823
27782
27318
26262
25846
25094
25894
25206
24453
23301
22693
21797
21541
21285
20645
20869
20661
20452
19812
19636
19140
19684
19492
19524
19396
20260
20645
20260
20004
20196
19972
19844
20436
20549
20613
20805
20725
20148
19812
18964
19620
18756
18116
16948
17364
16644
16596
15971
16612
17444
17348
16083
15923
16804
18196
20132
22373
26566
30087
29383
26966
26982
29479
31831
33768
36056
38233
38889
36488
33224
31495
33064
34472
34120
32663
32311
30519
28759
25862
23893
23109
23301
22773
22325
21509
20773
20420
19732
18052
17220
18276
20821
22437
22597
22773
23317
23877
24165
24533
25702
28582
30279
30087
30263
30311
30599
30727
30535
31943
33192
33464
31943
31127
29703
29207
28534
29255
29239
28951
28006
27318
25430
24790
24341
24069
23717
24165
24453
24565
24389
24694
24565
24293
24229
25510
25910
27014
27798
28438
27974
27654
27062
27846
28086
29319
29079
28871
28214
28214
26870
26470
25654
25766
25318
25222
24421
24021
23029
22885
21909
21221
20517
21109
21157
20965
20180
20244
19428
19476
19236
20276
19668
20404
20709
20020
19476
19716
20020
20068
20452
20468
20468
20356
20068
19604
19444
19044
19012
18484
17556
17284
