20581
17604
16564
17540
17940
20997
23525
24662
27382
32519
35032
37289
37705
38953
40937
40505
39945
36248
35032
31879
29415
24982
22725
19028
17492
14547
13203
11026
11234
12162
13491
14659
17204
21733
23893
27590
29271
32599
33816
36040
36184
37177
36440
36376
34760
33800
31671
30359
27990
26438
24357
23781
23093
22165
21893
21077
22485
22533
23717
23653
25014
25014
26374
26262
27078
27158
26246
26646
25382
25606
24565
25398
24565
25430
24822
25766
25878
27270
27878
29287
29895
31175
32471
32327
33624
32984
33336
32023
31943
30247
29623
27334
26662
24565
24245
22421
21909
21013
21605
22501
22741
24341
25254
27878
28518
30551
31639
33912
34632
35160
35896
35336
36040
34152
33608
31239
30759
28150
27462
24886
24726
22933
22757
21413
21877
21397
22677
22197
23941
24790
24758
25494
26438
26182
26806
25654
25574
24549
24565
22741
22101
19972
19604
17748
17796
16404
17236
17092
19284
20565
22965
24565
26822
29239
33688
36008
37737
38297
39337
41098
40681
39817
36889
35640
32551
30343
25990
23013
19412
17508
15843
13203
11170
11042
11250
12979
14995
16516
19172
21381
25062
27414
30855
32231
35048
35464
36953
36504
36760
35560
34824
32872
31575
30295
27718
26582
24261
24293
22709
22661
21157
21845
21749
23333
23221
24325
24325
25622
25686
26934
26118
26918
26054
26918
25558
25910
24565
25158
24341
25302
24565
25366
25190
26646
27094
28695
29175
30551
31079
32167
32984
32936
33608
32487
32327
30967
30743
28438
27670
25286
25238
23077
22741
20773
21429
21045
22981
23269
25238
25238
27654
29159
32215
32631
34328
34456
36024
35544
35112
33592
33352
30855
29895
27094
26294
24389
23637
22357
22101
21173
21269
21157
22661
22997
24165
23909
25350
25334
26726
26182
26582
25958
26166
25190
24726
23765
22613
21157
20388
19332
17700
16211
16339
17220
17748
18532
20629
23221
24565
27766
29735
34104
36136
38297
38265
39593
40201
40857
39945
37145
35576
32792
30407
26054
23317
19668
18260
15443
13779
11538
11298
11730
12835
14931
16211
18884
21557
24678
29975
33096
34488
36632
36328
37065
36040
36248
34152
33464
30807
29927
27014
26278
23989
24005
22613
22437
21141
21685
22885
23077
24453
24021
25414
25414
26806
26022
26726
26006
26838
25846
25830
24582
24598
24245
24886
24549
25062
24806
25750
27094
27766
29399
29751
31639
31639
32952
32599
33672
32776
33000
31575
31463
29367
28374
26326
25110
24774
22853
22757
21317
22021
21685
22885
23925
25158
27206
28102
30487
31511
33816
33992
35432
34904
35608
34664
34024
33592
31495
30951
28342
27590
25222
24565
22933
22821
21733
21893
21557
21957
22821
23221
24453
24325
24485
25286
26166
25846
26438
25334
25766
24485
24405
22645
21957
20244
19524
17780
17172
16291
16740
17380
18644
20709
22165
24774
26230
29943
32599
36488
37353
39049
39241
40889
40777
40489
37641
36344
33256
31111
26886
23813
20052
17988
15203
13267
11938
10706
11826
12146
14483
15491
18388
20276
24149
26374
29543
31671
33928
35896
36456
37545
36712
37049
35160
34520
31959
30871
28246
26758
24565
23989
22789
22357
21525
21173
22229
22373
23637
23573
24790
24646
25926
25830
26374
25910
26518
25974
26262
25142
25158
24469
25030
24565
25574
25862
27286
28711
29319
29783
31527
31495
32840
32599
33336
32487
32487
31127
30503
28983
27670
26678
24790
24373
22725
22469
21557
22085
22277
23653
24133
26166
26790
29447
30311
32615
32952
34792
34408
35672
34584
34920
33256
33032
30887
30311
27798
27238
25110
24437
23573
22677
22853
22053
22693
22421
23781
23493
24822
24533
25670
25430
26326
25638
26166
25206
25238
24037
23573
23189
21653
21029
19140
18372
16900
17508
16836
18212
18468
21125
22325
25014
26214
29703
32407
36168
37193
38681
38697
40441
40393
39897
37337
35640
32840
30679
26822
23845
20308
18308
15859
13779
12515
11074
11810
12627
14179
15939
18468
20404
24165
26326
29511
31303
33752
35432
36136
36040
36584
35768
35352
33320
32311
30119
28807
26374
25094
24549
23397
23189
21781
21909
21733
23381
23125
24389
23973
25222
25142
26342
25750
26550
25734
26262
25398
25350
24726
24646
25446
24886
25542
25174
26406
26470
28374
28470
30279
30439
31879
31927
33320
32695
33784
32439
32455
30743
30535
28486
27670
25494
24934
23397
23365
22101
22261
21813
22869
24565
25366
26070
27830
29159
31079
32407
33432
33560
34472
34408
34456
34072
32615
31287
30279
29127
27398
26790
24758
24565
23061
23493
22405
22965
22245
23253
23285
24533
24037
25142
24758
25574
25174
25494
24598
24758
23973
23621
23205
21429
21157
19268
18948
17444
17668
17204
18612
18980
21653
22757
25414
26534
29927
32599
36312
37081
38489
38793
40153
40281
39625
37417
35288
33560
30327
27654
23397
21109
17684
16099
13443
12098
11090
11266
12787
13939
16420
17812
20613
23669
27126
29015
32439
33544
35944
36056
37305
36552
37033
35064
34296
32087
31079
28550
27190
24774
24549
23141
22725
21381
21397
21333
22309
22757
23349
24357
24421
25542
25574
25350
25798
26454
25782
26198
25270
25494
24614
25670
25062
26102
25398
26630
26662
28358
28598
30247
30407
31623
32711
32583
33352
32840
33000
31671
31319
29719
29175
26854
26166
24229
23989
22277
22309
21605
22309
22309
23861
24774
26534
27462
29319
31623
32407
34248
33896
35112
34568
35272
33688
33080
31431
30599
28662
27494
26790
24822
24501
22869
23205
22229
22853
22213
23189
23269
24389
24245
24902
24918
25654
26390
25638
25814
24790
24758
23717
23637
21765
21205
19412
18660
18228
17028
17748
17332
19092
20148
22661
23909
26070
28262
31719
35832
37033
38825
38425
40297
40217
40617
37929
36200
33384
31799
27910
24678
20917
18900
16388
14739
12307
11122
11522
12242
14003
15587
17156
19700
23189
25574
29063
30807
33384
34616
36472
36200
37161
35992
36040
34008
33240
31015
29703
27238
26166
24357
24245
22837
22453
21253
22021
22101
23333
23125
23861
24357
24806
25910
25382
25910
25446
26198
25494
25782
24630
25366
24565
25510
25142
25798
25670
26806
27398
28871
29863
30743
32167
32007
33256
32776
33496
32439
32535
30823
30583
28518
27590
25446
24630
23173
22837
21445
21957
21669
23141
23045
24565
25334
27942
29015
31207
31687
33464
33912
34920
34568
34824
34008
33272
32776
30615
29799
27798
25990
25110
24357
23237
23317
22053
22709
22181
23333
23045
24341
23957
25030
24886
25862
25430
26070
25158
25734
24453
24533
22917
22933
20869
20420
18468
17876
18724
21109
22277
24421
25894
29207
32808
35656
37801
38041
39609
40105
41258
39513
38489
35528
34264
30599
27878
23541
21157
18164
16227
14179
11794
11298
11010
12931
13795
16307
17556
20965
23093
26822
28759
31655
33304
35752
35880
37177
36360
36680
35000
34376
32263
30999
28598
27110
24998
24565
23813
22917
22405
21509
22357
22485
23573
23365
24325
24405
25622
25094
26134
25238
26038
25318
25846
24646
24998
24373
25222
24822
25574
25366
26342
26742
28214
29527
30231
31879
31879
33048
32984
32840
33176
32776
31911
31639
29767
29047
26694
25782
24213
23637
21973
21589
20757
22325
22229
23557
23813
26502
27558
30247
30663
32824
33608
35752
35416
35848
35032
35656
33896
33096
30903
30135
27990
26326
24710
24373
22965
23045
21509
22453
21989
23397
22869
24085
24373
25862
25542
26630
26022
27030
26198
26758
25142
25254
23509
23621
21605
21077
18740
18228
16692
16788
16227
17028
18212
20452
22085
24277
25782
28775
33032
35784
38089
38137
39721
40169
41434
39657
38585
35640
34216
30679
27926
23557
21173
18004
16259
14211
12082
11394
11170
12995
13843
16371
17604
20517
22965
26294
28566
31383
34008
34968
35640
36232
36824
36040
34584
33928
32135
30695
29543
26758
25910
24389
24469
22885
22533
21557
22261
22549
23477
24293
23989
24950
24998
25830
25254
26134
25222
25750
24918
25046
24181
24501
24261
24982
24806
25654
25766
27206
27622
29207
29863
31463
31687
32711
32727
33208
32904
32808
32471
30855
30727
28342
27398
25094
24565
23029
22437
20949
21157
20997
22341
23365
24117
26454
27446
30055
30631
33112
34008
36184
35336
36136
35240
35464
33848
32840
30983
30279
27910
26966
24565
24453
22885
22917
21509
22485
21701
23045
22581
23893
24133
25302
25158
26678
25958
26950
26134
26390
25078
25030
23605
23301
21445
20709
18916
18052
16820
17012
15955
17076
17748
20180
21717
23989
26118
28727
32471
35640
38425
38569
40089
40297
41562
40105
38793
35896
34152
30967
27702
24646
20485
18564
15843
13971
11570
10722
10722
12307
14387
15539
18180
20036
23861
25846
29287
30951
33752
34664
36248
36120
36584
35800
35256
34248
32439
30487
29175
26726
25478
24149
24149
22837
22741
21493
22421
22421
23429
24405
24085
25366
24998
25814
25254
25574
26166
25510
25862
24806
25014
24197
24742
24565
25766
25094
26582
26454
28374
28727
30615
30983
32359
32327
33320
33080
33896
32615
32792
30887
30487
28438
27094
25990
24245
24021
22069
21957
20501
21381
21653
23829
23845
25814
26646
29591
30711
32792
33384
35240
35720
36360
35560
35336
35240
33384
32343
29927
29031
26454
25526
23445
23205
21781
21861
20869
21701
21893
22213
23269
24517
24646
26022
25990
27030
26502
27318
26422
26614
25126
24726
23221
22453
20661
19812
17812
17108
15859
16067
16307
17044
19508
21013
23573
24710
27270
30759
35160
37145
38793
38857
40729
40953
41354
38873
37193
34648
30087
26086
22773
19380
17652
14803
13411
10898
11394
11250
13459
14515
16852
18804
21957
25526
27766
31159
32551
35080
35688
37145
36184
36856
35464
35096
32583
31767
29159
27942
25318
24565
23653
23477
22021
21973
21797
22757
23093
24149
23829
25030
25174
26070
25654
26150
25622
26454
25494
25750
24485
24742
24069
24806
24662
25286
25366
26758
27062
28775
29287
31191
31479
32888
32711
33800
33240
33960
32423
32599
30535
30039
27654
26614
24565
24085
22485
21829
20597
20885
21669
22693
23333
24854
27158
28294
31015
31543
33992
34712
36328
35688
36056
35336
35096
33496
32471
30343
29079
26886
25222
24565
22885
23093
21285
21861
20933
22037
21973
23445
23733
25574
25222
26310
26022
27014
26550
26918
26582
25462
25270
23589
23205
21045
20436
18212
17540
15955
16468
15699
17220
18132
20613
22085
24598
26214
30295
33272
36776
37705
39113
39609
40953
40729
39817
37417
35432
33048
29975
26950
22805
19556
17412
15715
13075
12002
10738
11954
12531
15283
16195
19396
21205
25046
27126
30375
32007
34344
35128
36424
36280
36440
35784
34456
33000
31479
30487
27542
26534
24389
24517
23237
22181
21941
22405
22325
23653
23765
24742
24630
25910
25782
26662
25766
26678
25558
26038
24902
24902
23925
24501
24069
25062
24565
25766
25558
27286
27718
29351
29927
31687
31783
33160
32888
33576
33048
32776
31607
30775
30247
28118
27158
24982
24565
22917
22821
21317
21509
21461
23493
23813
25670
26166
28502
29879
31895
32776
34120
35000
35384
35864
34632
34824
32824
32087
29911
29031
26870
25750
24325
23429
23461
22277
22421
21733
22981
22933
24133
24005
25046
25190
26310
26150
25782
26310
25478
25574
24533
24341
22677
21973
20292
19492
18708
17092
16788
16083
17316
17620
20372
21301
23781
25094
28262
31303
35176
37289
38441
39561
40425
41754
40553
39353
36568
35352
31783
29127
24565
22021
18516
17060
13923
12419
10434
10898
11698
13363
15187
16964
20180
22341
26230
28102
31447
32824
35304
35752
37001
36440
36648
35224
34456
32503
31303
28935
27334
25686
24437
24245
22869
22709
21477
22293
22357
23605
23429
24341
24453
25462
25430
25766
25990
25558
26246
25350
25606
24389
24582
24117
24630
24565
25126
25206
26438
27718
28486
30119
30551
32183
32135
33000
33896
33112
33448
32247
31895
30327
29639
27302
26630
24421
24229
22277
21829
21061
22293
22453
24133
24149
26326
27686
30087
30871
32599
34264
34760
35656
35368
34648
34760
32904
31943
30007
29031
26886
25622
24982
23541
23253
21829
22213
21605
23013
22581
24149
23685
25078
24790
26006
25542
26294
25622
25766
24934
24501
24197
22597
22229
20068
19108
18244
16644
17092
16131
17300
18084
20549
22005
24373
26054
29255
33768
36056
38505
38585
40345
40761
41610
40025
38297
36296
33704
31239
26902
24085
20116
18564
15203
13571
10946
10850
11522
12483
13923
15875
18372
20372
24293
26182
29799
31335
34200
34824
36328
36104
36456
36440
34984
34184
31991
31111
28374
27174
24886
24565
23429
23285
21797
21941
21909
22997
24037
23781
24854
24582
26022
25238
26086
25254
26038
25222
25686
24565
24565
23925
24565
24469
25094
25046
25910
26774
28166
28839
30343
31831
31975
33352
32904
33896
33032
33128
31623
31431
29527
28454
26422
25302
24213
23637
22213
22309
21541
22869
22789
24245
24758
26710
28182
29655
31319
31975
33944
33944
33848
34264
33528
33384
31815
30999
29719
28598
27782
25782
25478
24053
24357
23013
23205
22757
23445
23237
24085
24069
24710
25478
25126
25638
25030
25766
24565
24710
23365
23605
17556
17540
19332
20613
22885
24806
26182
29639
32295
35992
36712
38537
38585
40617
39961
40089
37449
36120
33336
31543
27334
24758
21061
19284
16307
14755
12258
11986
11442
13075
13715
15971
17316
20180
22853
25510
28759
30631
33144
34200
35864
35832
36824
35624
35672
33592
33288
30759
29879
27222
26662
24710
24598
23125
22933
21909
22757
22565
23605
23253
24229
24037
24838
24614
25078
25606
25110
24742
24966
24565
24453
24838
24565
25446
25158
26518
26134
27766
27974
29815
30055
31799
31639
32920
32743
33640
32952
33288
31591
31511
29655
29143
26694
26214
24325
24021
22533
23173
22293
23221
22789
24373
25270
27462
27990
29623
30663
32407
33352
33496
34088
33864
34312
32615
31831
30359
29671
28054
27158
26470
25110
23861
23573
23909
23381
24085
23381
23301
24149
24565
24565
24565
24806
24998
24774
25014
23909
23909
22757
22965
21173
20997
19012
18676
17572
17956
17588
18916
19604
22133
23221
25686
26806
30535
33160
36712
37273
38809
38985
40921
40217
39913
37209
35512
32679
30215
27094
23637
20276
18308
15555
13875
11778
11506
11298
12947
13923
16003
18276
20485
23973
26006
29447
31207
33560
34664
35544
36008
36856
35720
35464
33672
33096
30583
29463
26934
25990
24662
24565
23125
22805
21909
22725
22629
23461
23189
23845
24389
24501
25110
24565
25014
24565
25190
24357
24630
23877
24678
24405
25782
25174
26502
26406
28326
28438
30247
30583
32071
32071
33096
32808
33544
33032
32487
31239
30679
29175
28006
26262
24966
24565
23109
23205
21957
21525
22885
22837
24501
24742
26902
27798
29783
30471
32295
32808
34024
33576
33992
33496
33048
32519
30743
30295
28374
27702
25814
25222
24309
24021
24149
23269
23781
23445
24565
24149
25110
24646
25958
25046
25734
25030
25574
24485
24565
23253
23205
21701
21077
20372
18948
18756
17364
17828
17332
18836
19796
22309
23333
25478
27030
30807
33112
36776
37081
38681
38713
40521
39833
39577
36808
35640
32567
30407
26278
23941
20324
18788
15907
14227
12114
11810
11682
13219
14803
16291
18692
20709
23221
26374
28294
31191
32567
34744
34872
36072
35368
35608
34120
33640
31703
30679
29447
27046
26294
24966
25046
23493
23637
22453
23317
23141
24357
23573
24533
24117
24870
24501
24790
24389
24710
24325
24533
23829
23989
23717
24549
24614
25430
25638
26726
27174
28727
30151
30791
31335
32343
32727
33032
33416
32792
32663
31207
31255
29319
28502
26038
25558
23765
23557
22149
22581
22245
23269
23189
24501
26038
27542
29511
30023
31927
32119
33672
33480
34280
33336
32824
32263
30791
29975
29271
27686
27110
25670
24565
24341
23333
23637
24197
23845
23701
24325
24630
24806
25446
25478
25094
25382
25686
24822
23973
23653
22677
22357
20901
20661
18708
18244
16916
17476
16980
18356
19140
21637
22949
25094
26486
30135
33112
36264
37545
38441
38889
40633
40905
39465
38281
35464
34088
30359
27654
23397
21605
18340
16836
13699
12419
10898
11810
12547
14371
15619
17892
20949
23157
26390
28374
31559
32808
34984
35000
36360
35800
36120
34664
34248
32023
31303
28919
27446
26598
25174
25142
23621
23461
22357
23317
23109
24037
23429
24261
24005
24598
24517
24565
24710
24517
24838
24069
24421
23637
24469
24293
25190
25158
26470
26390
28022
28646
30439
30919
32695
32327
33640
32936
33816
32936
32727
31335
30775
29207
28038
26934
24934
24549
23221
23365
21733
22773
22565
24101
24101
25974
26806
29255
29751
31591
31799
33816
33592
34248
33240
33416
32455
31927
30183
29527
27942
27254
25686
25030
24133
24261
23333
23589
23349
24149
23861
24565
24694
25174
25686
25414
25670
25078
25622
24517
24373
22853
22373
21973
20613
20148
18436
18004
16788
17380
17220
19156
19876
22661
23765
26342
27830
31783
37241
37737
39081
39481
40905
40553
39513
37577
35400
33768
30055
26902
22949
21013
17892
16371
13187
12194
10850
11730
13331
14291
16484
18036
21509
23525
26950
28759
32023
33144
35272
35240
36408
35736
35992
34392
33720
31719
30759
28534
27206
25430
25238
24149
23813
22437
22629
23637
23317
24069
23573
24533
24165
24982
24261
24614
24117
24565
24117
24005
24037
23877
23525
24517
24565
25302
26454
26694
28342
28935
30279
31191
32631
32599
33800
33176
34088
32936
32808
31463
31175
28999
28310
25878