18692
19844
20949
21909
22933
24309
25142
25862
26870
28999
31943
33736
33368
31719
30359
32407
35160
35640
33912
31783
30823
30919
29463
28166
28150
29207
28166
24565
20709
20180
22149
23013
21861
19428
18564
18468
19364
19540
20132
21157
22645
22037
21173
20388
22357
24501
25990
25910
26342
26198
26934
27350
27398
26918
27670
27734
26662
25606
24614
23573
21829
20244
20068
19796
18692
16852
15747
13075
11682
11730
11778
12050
12483
11538
12627
13155
13539
14947
17204
19732
23813
28614
31031
31399
28598
27478
30135
35928
38537
39849
40041
40073
37465
33256
29495
31047
33768
35000
31767
27670
24373
22357
21349
19940
18996
18788
19028
18084
17412
16339
16339
17332
18516
19252
19220
19556
21765
24213
26790
27814
27558
27654
28550
29815
31191
32968
34088
34600
33576
30727
30151
30551
30647
30407
29783
27942
25798
23653
22869
22149
22021
21189
21077
20388
19876
18868
18964
18772
19588
19972
21237
21925
22917
23493
24373
25110
26150
26806
27750
28935
30151
31303
31799
31847
34328
36232
34568
34728
32199
32727
32808
31671
31047
32792
30679
28166
25526
23733
23509
22805
22709
22853
21589
19204
17876
18628
17988
18020
20020
21413
20709
20292
19908
20709
22005
22693
24213
25142
25686
25350
25942
26118
26966
27590
27830
27238
26934
26630
25430
24934
24437
23381
21141
19796
19124
18820
17412
15747
15459
14227
12082
11538
12178
11810
11282
10706
11922
12627
14259
15811
18580
21733
26166
29767
30039
28134
26310
28550
33752
38281
39913
39705
39689
38409
34616
30167
29975
34216
36937
34360
28614
25142
23301
21781
19684
19284
19764
18692
17188
15779
15779
16179
17716
18708
19028
19732
20725
23125
24838
26550
26710
27014
27702
29479
31015
32407
33640
34632
33992
32279
31079
31031
30983
31207
31351
31063
29383
27014
24742
23333
22693
22805
22501
21957
21349
20677
19636
18516
18772
18916
20244
20837
21989
22853
23301
23381
24405
25046
26294
27046
28566
29879
31031
31527
31415
33432
36680
35640
33896
30791
30199
32952
33336
31799
32199
31911
29031
25238
22629
23173
24133
24726
24565
22917
19460
16980
18404
19572
19172
19332
21973
22117
20885
19364
19908
21909
23685
24053
24726
24886
25094
25910
27334
27350
27766
27382
26662
26502
26550
25430
25318
24293
22021
19396
18500
18356
18612
17252
16468
14595
12419
11250
10882
10322
10690
11346
12627
13075
13203
14035
15187
17620
21541
27574
31783
31767
29287
26790
28486
33560
38025
39625
40681
40665
38793
33080
28246
29511
33880
35928
32215
28006
24982
23301
20965
19492
18788
20020
19972
18516
16836
15923
16388
17604
18516
19300
19380
19844
20821
23317
25654
27622
27446
27990
28054
29591
30295
32039
33528
34712
33960
32551
30823
30471
30119
30391
30183
30503
28935
26918
24341
23189
22245
22277
21509
21461
20965
21061
19556
18772
18916
19748
19972
21045
21685
23045
23637
24069
24565
25958
26166
26966
28102
30039
30679
31511
31239
31527
31399
32936
34088
35336
33336
32599
30855
30871
29655
28679
29383
30535
28775
25014
23077
22693
23189
22277
22149
21717
21109
19524
18932
19508
19556
20276
21765
22069
21317
21029
22149
23253
24373
24565
25638
25990
26774
26550
27494
26998
27206
27174
27206
25702
25142
22069
20565
18852
18692
18628
17636
15395
13715
12819
12435
11010
11090
11762
11858
10658
11026
13299
14995
17028
20885
26310
30359
30023
27142
24902
26982
32615
38169
40073
40105
40393
38489
33480
29271
30103
34776
37305
35176
30279
25558
23285
21637
20933
19876
20164
20565
19284
17476
16404
16307
16468
17796
18948
19620
18996
19988
22501
25094
26070
26166
26582
26966
28102
29671
32167
33256
34664
33800
32327
30455
30295
30247
30871
30871
31319
30055
27574
24565
23269
22789
22565
22437
22229
21941
21141
19956
18772
18180
18804
19540
20613
21845
22613
23269
23381
23909
24646
25558
26518
27590
29111
30455
31303
31191
31527
31943
34264
34984
34648
32503
30135
30407
30663
29959
30343
30903
29767
27414
23877
22053
22709
23221
24053
24069
22549
19764
18660
18948
19604
20404
21765
22693
22437
21509
20853
22005
23445
24117
25398
25574
25670
25110
25814
26870
28038
27910
27094
26070
26726
26534
25558
25446
24790
23605
21589
19860
18564
18868
18356
17860
16916
15011
12611
11266
11186
11602
11874
12563
12611
13267
13587
14083
16099
19556
22309
26518
30695
31527
29575
26582
28118
34872
39113
39593
38249
39177
38361
34136
29351
29191
33256
35656
32407
27254
24037
22789
21477
19924
18980
19140
19684
18212
17492
16484
16564
17252
18916
20132
20116
20100
21413
23845
26134
27542
27702
27942
28486
29991
30807
31799
33192
34312
33880
32007
30615
30263
30231
29735
29415
29303
28630
26550
23973
22533
22149
22341
21749
21269
20693
20677
19940
19252
19204
19668
20276
21333
22309
23557
23685
24293
24902
26294
26726
27478
28118
29751
30775
31111
30487
30583
30663
31031
30407
30231
30599
32872
33880
32984
31367
27798
26598
26246
26214
27478
27942
26758
25830
23173
20917
19684
20260
22005
23269
22661
20949
20517
20116
19780
20869
22053
22949
23525
24565
23861
23813
24197
25142
26262
26774
27158
27750
27462
26198
25670
26134
25638
24389
23061
22069
20997
20196
19092
18436
17588
16388
14483
13123
11938
12371
12755
12291
12339
11218
11666
12451
14563
16179
18756
22181
27414
30135
29959
28118
26182
28118
33832
38537
40105
38937
38217
37321
34376
29767
29031
32471
36136
34360
28614
23893
22213
22693
21109
19364
18756
20132
19732
18308
16404
16452
17444
18964
19924
19876
20260
21397
23813
25958
27494
26950
27318
27414
29063
30663
31959
32776
33704
33512
31799
30263
29447
30103
30023
30295
29495
28518
26518
24293
22661
22037
22293
22149
21429
20949
20837
20741
19812
19460
19428
20741
21637
22437
23189
24037
24565
24998
25654
26390
27286
28102
29751
30535
31015
30615
30583
30135
30807
30391
30311
30007
31655
34712
37257
33448
27078
22373
24085
28150
29415
27270
27334
27830
24742
18660
15411
18628
23525
25542
24277
21301
18628
18276
20388
22037
21093
22133
25142
26630
24565
22533
23077
25894
27142
27270
26438
26662
27190
28086
26854
25958
25782
25494
23717
22197
21685
22069
21045
19524
17940
17428
15683
14211
13107
13059
13235
13731
12899
11378
9986
10242
12947
15363
17204
18948
21893
26774
30727
30007
26198
24293
28262
35944
39881
39561
38601
38345
37625
33272
28807
28823
33864
37881
35720
27958
22469
21269
22917
21397
19268
18772
20517
19988
18404
19604
20565
19972
19860
22277
25126
26806
26758
26534
26918
28230
30439
31527
32583
33464
34136
32792
30695
29367
29767
29895
29847
29799
29447
27558
24806
22533
21861
21861
21989
22133
21397
21029
20661
20308
19284
18820
19460
20901
22325
23189
24197
23989
24710
25094
26118
26582
27478
28646
30407
31079
30487
30423
30519
31607
32327
34136
32567
30743
28967
30407
31335
30887
27766
26374
27158
27814
24886
22597
22677
25110
24630
22453
19716
20052
21093
22501
22805
21429
20869
21829
23493
22741
21829
22389
24565
26134
25382
24213
24373
25414
26086
25542
25302
25350
26486
27622
26694
25830
24710
24341
24389
24373
23637
22853
21845
20388
18404
16932
16644
16852
16436
15683
14659
13523
12307
12050
12611
12547
12851
14115
15571
16868
17252
19940
22805
26006
29895
31639
31127
28390
28679
33512
37993
39113
37817
36921
36664
34392
30695
28262
31063
33896
33352
27638
22933
21461
22341
21589
19700
18708
19300
19460
18772
17188
16868
17956
20308
21477
21461
21445
22533
24565
26806
28134
28262
27974
28614
30279
31223
31815
32279
33176
33016
31943
29703
29255
28566
29287
28727
28262
26822
25366
23317
22021
21253
21669
21541
21653
21077
21205
20485
19924
19540
20501
21189
22149
23221
24229
24565
25110
25430
26710
26902
27846
28134
29271
30407
31335
30503
30231
29847
29847
29335
28887
29015
29447
32407
36937
35928
30471
23237
21669
26150
28598
26822
27494
29911
28598
21477
14787
15827
21061
24998
25158
23845
20020
17428
18996
20997
20308
20308
24421
26726
25350
22213
21397
24293
26182
26438
26054
26086
25558
26006
26038
25158
24565
24021
21653
19780
19156
19140
18420
18436
17508
15443
13379
12242
12258
10562
10290
12242
13971
13523
12755
14739
17460
19876
24261
29175
30423
28711
26822
28646
33896
37273
38937
38425
37849
38105
36136
31239
29783
33416
37081
34056
27446
23685
23765
24565
22693
20196
19380
20549
20036
18452
15715
16275
18708
20661
20741
20485
20212
20581
22629
25526
27318
27030
26662
28070
29415
29623
29975
31479
33288
33224
31927
30263
29415
29159
29095
29063
28919
28679
26422
24357
22917
22677
22533
21989
21349
21525
21445
21221
19492
19556
20212
21461
21861
22613
22917
23877
24277
25526
26070
26774
27062
28118
28967
30167
30519
30551
30935
32551
35784
34904
32279
28695
27734
30199
31463
29783
29639
29863
28390
25094
21301
20837
23461
24742
24630
23237
20629
19028
19732
21397
20917
20885
22357
23365
22693
21621
20997
23349
24565
24886
24598
24662
24662
25238
25654
25334
26022
26422
26742
26118
25654
24758
25238
25238
25126
23781
22869
22053
21525
19348
17764
17220
17748
16916
15827
14771
14931
12707
12499
11650
11874
11810
13747
14451
15491
16804
18116
21317
25830
29591
31383
30423
27334
28518
32439
37977
39401
40153
38697
38169
34312
30087
28566
31847
34840
34200
29207
24293
21333
21125
20020
19844
19476
20148
19396
18308
17108
16468
17636
19204
21461
21701
21205
21445
23861
26150
28070
28086
28951
28983
29927
30471
31351
32279
33336
33336
31831
29991
29127
28791
28406
28582
28374
28038
26134
22085
21717
21669
21637
21461
21557
21413
21189
20036
19748
20196
21141
22437
23349
24501
24565
25110
25254
25990
26694
27350
28150
29287
30247
30167
29591
29735
29879
29831
29575
28823
28855
28807
28326
29031
34504
34920
31687
23893
20677
24309
28679
27574
27606
28839
29063
23765
17028
15443
20645
25478
27478
25734
21365
17492
18628
21445
22149
21301
24501
25974
26086
22277
20741
22581
25622
26710
26470
25526
24229
25142
25894
25798
25238
25366
23989
22741
21349
21061
20132
19684
18436
17972
16339
15315
14083
13507
12258
13379
13459
12435
10802
12787
14819
17364
18772
21253
24501
30023
31031
29079
24854
26774
34392
40361
39497
37161
37641
38553
35272
29671
28679
33096
37161
35272
28662
23701
22757
23397
22309
20020
19508
21141
20388
18724
16948
16884
17940
19588
20661
20757
20501
21285
23765
26022
26966
26630
27142
27734
29207
29719
30695
31799
33416
32808
31111
29079
29223
29367
29015
28390
28646
28358
26470
23797
22165
22229
22133
21781
21493
21669
21525
20853
19748
19540
19652
20324
21429
22869
23989
24165
24037
24229
25350
26310
26710
27878
28871
30407
30391
30231
29495
29799
30215
30343
30551
33032
34840
33800
29591
26390
25638
27622
27414
26934
28038
29495
27110
22741
19236
20004
22325
24021
23925
22869
21333
21125
22021
21029
20148
21189
24453
25046
23973
22453
23429
24293
25286
24646
24758
24373
25542
26598
27078
26518
26246
25190
25174
24854
25254
24485
24133
23621
22965
20276
18500
17588
17556
17060
16404
15587
14771
12563
11842
11666
10754
10050
11362
13027
15875
17428
17748
19460
23077
29623
31543
30087
26022
28358
35144
40729
39289
38041
38409
40121
37353
31175
28486
33400
38729
36696
28935
22837
22469
23685
22005
19172
18980
20356
20036
17780
15491
14835
16211
18724
20356
20933
20020
20292
22997
25654
26630
26742
26950
28727
30407
30695
30887
32519
33928
33752
31687
30263
30279
30215
29431
28871
29415
28855
26550
23829
22341
22149
22325
21989
21557
21205
21205
20308
19492
18868
19332
20004
21141
22437
23893
23637
23797
24213
25878
26342
26694
27478
29223
30855
30359
30215
30103
30663
30599
30135
29815
29527
29415
29351
28598
28935
29895
30551
28070
26390
25318
25622
25398
24646
25046
27318
26390
23717
20677
20933
22277
23317
23205
23589
22837
21781
20965
22005
21509
22453
23701
25622
24213
23333
22565
24213
24710
24886
24662
25398
25526
26134
26598
26422
25638
25558
25094
24069
23077
22821
21957
20917
20420
18452
17636
16307
15651
14275
13011
11922
12210
11346
11410
11138
12226
12947
13379
14851
18644
22229
26374
29015
30119
29399
27718
29447
34776
40281
40233
38489
36808
38153
36360
32311
29367
32920
37225
35112
27782
23685
23957
25030
22293
19348
18724
20180
20004
18036
15843
16452
17844
18836
19396
19652
20356
21077
23349
25238
27222
26758
26758
27798
30087
30647
30983
31975
33496
33544
31991
30279
30087
30247
29767
29303
29239
28871
26710
24325
22757
22757
22453
21957
21045
21717
21317
20709
19108
18772
19220
20308
20757
21941
22805
23349
23349
24133
24790
25878
26598
27606
28951
30183
30503
30407
30007
30471
30311
30631
30135
30023
29671
29351
28566
27654
26918
28598
34344
34216
29015
21749
20356
24934
28022
24998
25094
28102
28214
21445
15971
16484
22309
24806
25750
24245
21237
18004
20501
23093
22565
21445
24870
26598
26486
25878
26758
26870
25878
24998
25110
24565
22229
20613
20196
20196
19204
17940
16388
14851
13603
12819
10962
9986
11442
12819
12611
11234
12675
15139
17380
18964
23285
28502
31063
30935
27190
26710
32183
38937
40633
38345
37369
39929
38681
33304
29175
33128
37689
36744
30215
25350
24389
24598
23205
20052
19300
19716
19924
17876
15651
15459
16788
17764
18884
19236
19172
18868
20981
24213
26150
25798
26182
27574
29063
29383
29767
32007
33624
34200
33000
31799
30951
30919
30087
29623
29751
30023
28502
25750
23605
23141
22725
21813
20917
21669
21461
20549
18836
18612
18740
19236
19460
20757
21813
22341
22693
23541
24582
25494
26390
27014
28502
29639
30951
30599
31063
31639
31751
31063
32039
34952
35848
33368
29319
28118
29047
29111
27238
27350
28566
28887
24918
20821
20004
21541
22469
22325
21509
20549
19220
19844
20549
20260
19812
21397
23573
23765
22533
22325
24117
25126
25414
24774
25446
25910
26806
27286
28326
28358
27558
26902
26630
26374
26230
25430
24998
24565
22885
20533
19412
18292
17156
15763
15955
15507
14259
12627
11442
10418
10002
10306
11666
12531
14003
16404
18164
18772
21301
27334
31463
31207
28022
28182
32343
37273
39177
39497
39833
39993
37753
33432
30295
32471
35464
36344
32199
27398
23301
21765
20933
20549
19572
18996
18548
18340
16019
14275
14355
16404
18340
19604
19284
19364
20725
23445
25174
26118
26550
28214
29255
30055
30695
32423
33816
34184
33192
32407
31831
31335
30855
30567
30407
29799
28679
26150
24085
22709
22229
21925
21429
20949
20356
19652
18820
18052
17636
17924
19124
21013
21749
22005
21925
23205
24373
25190
25958
27366
28999
30567
30823
30983
30839
31703
31943
31799
31383
31207
31047
30231
29399
28839
34904
38073
34616
26662
19204
22085
28358
28214
25206
26566
27622
24549
16211
12210
17348
22805
26630
24565
21141
15827
16323
21125
22933
21333
21765
25734
27286
25062
21733
23477
26358
29271
28566
27270
25510
27318
28598
28246
26694
25126
24373
22341
21493
20629
20308
19124
18260
16708
14691
12563
11650
10130
9682
11762
12531
11570
10002
11394
14499
16884
19652
24565
29975
31031
29383
25990
27078
33080
39241
40521
39113
38953
39129
37001
31671
30487
33512
37561
35560
30999
25558
24389
23957
22837
20581
19748
19764
19588
18276
15971
15827
16724
17700
18596
18820
18628
18900
21205
24325
25510
25622
25590
27206
28246
29159
29655
31559
33480
33960
32471
31335
30583
30599
30439
30151
30439
30247
28695
26198
24565
23365
22837
21941
21829
21717
21301
20132
19220
18724
18724
18372
19364
20549
22165
22453
22757
23237
24389
24790
25542
26422
28054
29943
30903
32311
32343
33000
32151
31575
31623
33976
34024
33240
31511
30807
29495
28358
26822
27542
27030
26582
24630
23045
21333
21013
21381
21189
20997
19908
19780
20324
21029
20533
20837
21269
22661
22469
23141
23301
25014
25158
25862
25750
26406
27014
27590
28198
28134
27702
27558
27430
26758
25958
25270
24309
22997
21413
19508
19428
18708
18628
17044
14147
12595
12771
13203
11490
9618
9970
12002
13795
14051
14035
15235
18500
23445
29463
30631
28839
25942
27366
32535
36296
36664
37993
40729
40425
35560
28967
27782
32519
35976
34104
29623
27078
25734
23909
21285
19636
20356
21189
20517
18980
17412
16692
16884
17780
19140
19668
19156
19428
21349
24101
25030
25510
26262
27110
27606
28230
29447
31463
33016
33160
31975
31431
30999
30471
29431
29495
30311
30471
28550
26038
24517
23733
22869
22469
22037
21829
21493
21029
20533
19572
19108
18788
19716
21125
22277
22309
22853
23445
24565
24838
25398
26054
28182
29255
30359
30007
30535
30471
30903
30663
30999
30615
31015
30391
30935
32872
32167
30055
27782
25990
27030
27494
26406
26054
26902
25542
23493
21013
20292
21173
22133
23413
23461
21445
19764
20581
21893
21429
21445
23637
24662
24630
24453
24325
24742
25414
26342
27158
27702
27654
28006
27398
26934
26758
25862
24565
23893
23605
22293
21429
20372
19092
17460
16964
16131
14963
14227
13475
13411
12419
11298
12050
13427
14147
15715
17476
19844
22341
26854
28358
28711
26902
26646
29063
34104
37641
38297
37449
36568
35128
32599
29591
30407
33288
35096
32391
27430
23845
22309
21765
21205
20292
19796
19732
19396
18020
16868