24181
26982
25702
24565
26246
26006
27446
27414
27222
30151
29895
27558
27750
28839
29495
30679
31047
29575
28118
29319
29527
30023
29527
28775
28999
28198
27270
26566
27366
27478
27206
25670
24870
24533
24101
23973
24021
24197
22149
21589
21397
21861
21909
22037
21205
20452
20885
20741
20773
20773
22069
21157
21797
21173
21301
20693
22917
22693
22965
22117
22805
22421
23045
24565
24966
24758
25446
25830
25622
26342
27126
27686
27942
28182
28118
28646
29575
29879
30263
30279
29895
30423
30919
30871
30647
31335
30231
31207
29991
30183
29527
29415
28887
28646
28294
27238
26438
26678
26982
25542
24854
24549
24469
23445
23525
22805
22725
21605
21173
20741
21333
21221
20837
20052
19924
19348
19524
19524
19460
20004
19300
18916
19124
19540
18964
19812
20709
20164
22197
18596
22117
23253
23013
24085
23445
20901
23269
26214
26278
24582
25686
26646
26358
26598
27766
27366
29239
30519
29015
28246
28502
29751
30039
32135
31191
29879
28614
30103
29783
30407
29527
29655
29095
28807
26918
27014
28102
27798
27350
26118
25110
24565
24325
24197
24453
24069
23349
21669
21845
21733
21589
21861
21893
21125
20693
20741
20901
21061
20709
21125
21301
21893
20949
21253
20981
22405
22469
22885
22213
23157
22405
23045
24678
24341
23653
24918
26118
25206
25814
26982
28086
27446
28727
28470
28326
29127
30343
29943
29863
31223
30055
30823
30791
31943
30599
30551
30743
30615
29975
29975
29511
29831
28903
29015
27414
27446
26998
26918
26310
25398
24357
24117
23989
23461
23573
22405
22597
21573
21781
20100
21189
20805
20485
19284
20356
19172
19252
20677
18948
19412
18980
19028
19204
19668
20068
19604
21733
21829
18724
18308
22949
22741
22837
20917
26054
26166
24614
25382
26358
26342
26678
27158
26774
29159
30583
28839
27926
28358
30039
30199
31943
30887
29943
28358
29847
29895
30231
29287
29767
28983
28807
26726
27158
27414
27526
26886
26150
24918
24389
24133
23909
23957
24117
24005
21413
21333
21557
21397
21605
21669
20549
20821
20501
21205
20501
21237
21157
21301
21301
20837
20420
21173
23269
22533
23333
22741
22101
22197
24485
24614
24501
24565
24710
24982
25542
27398
26422
27174
28662
29959
27158
28983
30119
30503
29735
31591
30935
29975
29863
32439
31175
31079
30503
31191
29975
30791
29703
30135
29111
29063
28230
28086
26550
27062
26374
27078
25062
24101
23525
24277
23205
22613
21909
21973
21157
20388
21525
20517
20404
20388
20757
19588
19588
19204
20116
19588
19876
19572
18868
18564
20468
20228
19908
22085
22613
18196
18516
22917
22885
22741
24614
22293
21013
23717
27414
25142
24966
27030
27270
26582
26934
27174
27590
31255
31031
29463
28294
29511
29655
31415
31719
31815
28903
29207
30039
30791
29943
30087
29415
30247
28598
27222
26934
28422
27910
27142
25862
24646
24421
24405
23861
24085
23973
22805
21269
21605
21685
21189
21461
21589
20485
20260
20340
20164
20004
21029
20757
20757
21141
20372
20661
20869
22613
22245
22725
22245
22021
21605
24149
24565
23429
24229
25686
24742
25030
26726
27846
26694
27174
29111
28390
27686
30039
30727
29399
30135
31319
30679
29911
30263
31943
30791
30119
30791
30567
31207
29671
30215
29335
29015
27782
27798
27190
25686
25094
24453
23621
23397
23525
22709
22165
21461
21317
20420
19908
19924
20084
20468
19508
19652
18596
18788
18980
19412
18964
19108
18468
19172
18916
20260
19972
21797
18756
19156
20533
22053
21797
23381
23989
21269
22709
25494
25638
24485
25926
27334
27286
26550
27558
27510
29287
30855
29831
28614
29351
30151
30487
32071
31943
30855
29127
31127
30471
30823
30103
30727
29895
30215
27958
27318
27750
28662
27718
26182
25670
25062
24886
23989
24117
24293
24053
21941
21973
21461
21349
21525
21461
20853
20420
20132
20004
19844
20565
20757
20645
20517
20324
20052
20228
21605
21557
22293
22053
22693
21269
22661
23637
23813
24005
24485
25670
24565
25702
26406
27798
27670
28775
27782
28903
29079
30007
30087
31063
30375
30471
30615
30775
30679
31191
31175
30791
30231
30039
30183
30007
29415
29335
28839
28182
26806
26918
26982
26566
25318
24662
24277
24021
22997
22917
22485
22101
21221
20773
20404
20324
20100
19764
20613
19716
19924
18500
19636
19108
20180
19636
18996
18484
19780
19572
19220
21925
20404
19508
19236
23189
21589
23381
22885
22869
21861
25286
26310
25062
24357
27622
27350
27142
26646
27526
28630
31159
30119
29335
29111
30807
30487
31591
31319
31399
30103
30679
30535
31207
30039
30151
30439
30759
28374
27542
28054
28470
27830
27334
25894
26006
25158
24517
23781
24501
24005
23093
21845
22037
21685
21029
21509
21221
21205
20196
21557
20020
20533
20517
21093
20677
20677
20068
20276
20965
21845
21765
21557
21781
22037
21893
23269
23909
23717
24341
24758
25686
24838
25446
26774
28486
26918
27750
28342
28486
29127
30375
30263
30535
30359
31143
30759
31383
30439
31239
30823
31159
30103
30183
29751
29319
29175
28679
28214
27366
26918
26950
26390
25542
24565
24101
24293
23669
22901
22213
22197
21557
20661
20196
21029
20276
20324
19380
19748
18884
18788
18676
19380
19012
18580
18308
18692
18516
19764
19524
21157
21061
18276
18740
22421
21925
22293
22709
23045
21573
23381
26022
26390
24565
26662
27414
27878
26710
27158
28070
31191
30855
29719
28759
30359
30503
31415
31687
31703
30583
30151
30455
31159
30759
30199
30215
30631
29671
27654
27398
28662
28775
27350
26054
25830
26086
24838
24838
24293
24998
23413
22437
22005
22437
21621
21893
21573
21509
20388
20789
20180
20228
20629
21077
20533
21605
20501
20452
20372
21813
21701
21781
21493
22117
22021
22933
23333
23909
23557
24325
25062
25414
25174
26406
27606
27174
27478
27990
28150
29431
30407
29271
29319
30167
31415
30007
30935
31303
31575
30375
30727
30615
30615
30135
30791
29607
29191
28118
27894
27814
27574
26854
25926
25654
24710
23893
23781
23989
23045
23093
21509
21493
20869
21205
20004
20613
20020
19476
18756
19396
18660
18708
19092
19076
18596
18244
18884
19348
19284
19508
21605
20629
18052
19220
22453
21541
22933
23845
22213
21493
24598
26550
24742
24982
27734
26902
26438
27542
28150
28358
31623
30983
29447
28871
30279
30727
31255
32119
31671
30023
30135
30967
30887
30247
30807
30551
30167
28630
27718
27878
28438
28903
26854
26758
25046
26134
24565
24485
24245
24405
22613
22165
21333
22117
21221
21829
21333
20693
19892
20436
19956
20308
20773
20533
20340
20565
21557
21605
21221
21397
21829
22341
23365
23541
23989
24085
24437
24582
24966
25478
26838
28903
26774
27398
28342
29863
29063
30919
30311
29751
29367
31495
31287
30807
30583
32039
30583
30407
30135
30311
30119
29943
29127
28630
27782
27094
27494
27366
26998
25046
25046
24261
23525
23045
22837
22549
21781
20869
19860
20308
20004
20036
19652
19988
18932
19284
18532
19156
18772
19764
18996
18404
18692
19204
18964
20148
20436
22469
18516
18836
20821
22389
22149
24021
24037
21173
22917
25958
26662
25174
25878
27926
27318
27446
27670
28134
30023
31815
30567
29447
29623
31143
30487
32327
32327
31703
29703
30871
30759
31127
30215
31367
30311
30359
27942
27334
27974
28967
27814
26774
25798
25222
24758
24533
23909
24181
23589
22245
21845
21333
21429
21573
21589
21205
19908
20148
20629
19892
20581
20757
20404
20933
20517
20164
20036
21237
21861
21861
21829
21733
21669
22149
24165
23973
23717
24085
24662
24565
26070
26294
27398
27302
28310
27702
28230
28903
29895
29783
30391
30423
30631
30247
31159
30855
31335
30631
31047
30247
30215
29783
30183
29511
28903
27958
27702
27190
26806
26582
26134
25222
24085
24357
22997
24117
22869
22405
21333
21877
20068
20292
19940
20565
19604
19556
19076
19124
18516
18580
19252
19492
18532
18276
19156
19028
20436
19476
21125
21797
19428
18644
21509
22277
23365
24565
23573
21253
23973
27110
26086
25238
26934
27606
27622
27606
28807
28214
31287
31751
30407
28871
30279
30167
31191
32247
32631
30535
29975
30599
30727
30471
30439
30727
30407
29575
27606
27174
28470
28630
27350
26278
25446
25062
24565
24357
24229
24165
23045
22197
21685
22309
21525
22181
21765
21253
20180
20645
20420
20965
20789
21301
20677
21461
20372
20388
20773
21717
21893
22053
21893
22069
21541
23173
24037
24517
23861
24565
24598
25142
26070
26246
27174
27686
27462
27510
28486
29335
29271
29351
30775
30151
30343
29799
31159
30679
31047
30263
29863
29895
29463
29639
29431
29719
28342
28006
27158
27286
26182
26374
25654
25110
23637
23621
23189
23365
22357
22005
21061
21077
19988
20292
20068
20517
19108
19524
19108
18948
18180
18516
19412
18868
18484
18212
18868
19300
19396
19364
21269
21461
19268
18644
22325
21813
23317
24037
22357
21253
24565
26646
26006
25142
27398
27318
27622
27702
27862
27974
31255
31543
29191
29911
29943
31047
31111
33032
31703
30503
29879
31399
30919
31063
30743
30759
30375
29319
27590
27382
29367
28759
27894
26198
25926
24918
25126
24277
24854
23989
23525
22053
22373
21717
22069
21909
21637
20597
20452
20308
20260
20917
20917
20917
20981
20645
20244
20517
21429
21957
22085
23125
21909
21781
22453
24902
24213
24710
24565
24598
25222
27190
25894
27142
27942
28230
27638
28887
28887
29655
30119
31175
30007
30119
30183
30999
30871
30967
30631
29863
29879
29623
30167
29335
29479
28566
28454
27334
26726
26006
26966
25926
24966
23733
23701
23141
23029
22597
22309
21189
20501
20100
20100
19828
19428
19300
19492
19076
18356
18500
18868
18772
18964
19012
18244
18772
19156
19588
19092
21701
22101
17940
18564
22197
21909
22613
24037
22965
21269
23445
26550
26470
25174
27622
27382
27942
27734
28294
27878
30823
31543
29975
29175
29959
30423
31015
32295
31927
30535
29799
30887
30919
30871
30503
30295
30151
29623
27814
27206
28422
28214
27910
26390
25654
24854
25014
24405
24245
24277
23429
22037
22181
21749
21445
21413
21653
20997
20485
21061
20468
20661
21205
21477
20757
21157
20757
20645
21061
22037
22101
22709
22245
22053
21989
23909
24101
24389
24389
24229
24950
26326
25910
25878
27686
28134
27814
28262
28454
28518
29527
30903
31191
29287
29575
30423
31079
30487
30951
30295
30103
29575
30167
29495
28983
28390
28807
28326
27046
25702
26342
26070
25494
23733
23765
23365
22741
22373
21829
21445
21557
20388
20693
20132
20132
19124
20420
19556
18868
18228
18852
18964
18628
18884
18244
18500
19476
19924
18596
20581
22933
20052
18452
21253
22501
22229
23797
24501
21221
21845
26070
26838
24565
25078
28118
27174
27446
27622
28022
29319
32247
30471
29735
29271
31063
30391
32792
32423
31175
29367
30983
31207
31543
29879
30807
30407
30167
28086
27318
27814
28246
28454
26550
25894
24966
25318
24453
24405
24469
23605
22245
22373
21941
21413
21461
21605
21461
20709
21077
20501
20308
20837
21141
20661
21125
20709
20565
20693
21205
21941
21989
23237
21461
21493
22933
24405
23653
24565
24565
24165
25526
26774
26886
26374
27350
28406
28054
28646
28775
29079
30087
30743
30199
29639
30119
30727
30823
30887
30263
29831
29319
30727
29927
29703
28326
29143
28326
27926
25766
26886
26214
25670
24565
23829
23333
23205
22629
22677
21477
20805
20709
20436
19588
19892
19764
19460
19332
18964
19300
18468
19300
18596
19108
18980
18180
18468
19428
19412
19780
22341
18564
18868
21461
22565
21701
23509
23141
22133
23237
26310
26038
24598
26038
28038
27494
27014
27446
28022
31095
31015
29799
29095
30119
31031
30775
31767
32183
31479
30087
31063
30999
31127
30247
31399
30663
30615
27686
28230
28662
29239
27638
27110
25814
26054
25030
24790
23957
25062
23733
22629
21893
22437
21573
22213
21813
21397
20565
21269
20629
20741
20821
21349
20821
21253
20741
20805
20933
22181
21957
22821
22677
21877
21493
23349
24181
23989
24341
24357
24838
26150
26006
27286
26662
27734
28422
29111
27542
29687
30007
29655
29591
31047
30199
30663
30471
32071
30551
30807
29879
29751
29991
30311
29399
29591
28679
28246
27030
27622
26950
26870
25286
25206
23701
23813
23045
23109
22149
21733
20709
20517
20148
20180
19444
19204
20020
18692
19172
18596
18756
18132
19060
18932
17924
18036
18948
18916
18884
20004
21477
18404
18436
20901
22053
22149
22789
23253
21669
23205
25526
26070
24085
26006
27958
27526
26566
27926
28342
30727
30855
29975
29031
30407
30743
31511
31431
31655
31175
30103
30839
31383
30663
30359
30743
30967
29735
27974
27974
29207
28775
28502
26454
25894
25894
25414
24229
24373
24517
23861
22309
22101
21813
21397
21541
21829
21093
20308
21045
20549
20468
20501
21141
20452
20565
20757
20292
20661
21045
21893
21973
21813
21989
22261
22149
24678
23909
23733
24565
25606
24565
25606
26502
28118
27734
26566
28679
28935
29367
29751
31559
29575
29495
30215
31511
30167
30903
31623
30823
30135
29831
29703
30215
29959
29463
28983
28406
27110
26726
27126
27190
25638
24277
24245
23829
23957
22565
19492
19444
19252
19220
18276
19268
18628
19092
18820
19220
17924
19524
18692
19620
19300
20613
21829
18276
18644
21541
21685
22373
23253
22357
21637
23605
25814
25734
24565
26182
27990
27414
26838
27174
28438
30455
31207
29719
29415
29479
30631
30743
31399
31719
31127
29927
30871
30871
30439
30295
30999
30951
29751
27622
27782
28582
28887
27622
26294
26118
25670
25766
24037
24726
24293
24341
22661
22725
21477
21925
21957
22469
21221
21077
20485
21285
20517
21637
20837
21365
20965
21541
20533
20933
21381
22309
22437
22741
21349
21589
23653
24565
23861
24421
24549
24533
25558
26166
27078
27734
27654
27398
29143
28454
28486
30439
30887
29271
29479
30871
30279
29911
30951
31495
30087
30247
29879
30919
29879
30119
28791
29655
27766
26998
26406
27526
26598
25494
24005
24565
23349
23317
22581
22709
21845
20693
19988
20180
20132
20452
19380
19524
19220
18580
18788
18756
19156
18372
18436
19236
18708
18340
19044
19892
19684
21765
19668
18276
19956
22501
21701
22949
23269
21973
21989
24886
26118
24790
25126
27542
28118
26886
26550
27318
28983
30951
30135
28823
28630
30039
31751
30871
32215
31319
30487
30167
30791
30727
30103
30103
30679
30583
28102
27750
27846
29479
28246
27446
25622
25958
25126
24742
23765
24598
24245
23189
22149
22085
21829
21605
22213
21717
20885
20885
20517
20773
20661
21285
20965
21269
20981
20837
20468
21253
21973
22565
22709
22245
23253
22005
24565
25222
24469
23861
25926
25430
25654
26182
28262
27526
26470
28470
29335
27750
28967
31383
30087
29431
30039
30919
30391
30967
31063
31047
30167
29719
29863
30599
29863
28903
28727
29335
27494
26822
26326
27686
26118
25510
24085
24501
23205
23125
22693
22357
21317
20517
20244
20549
20276
19812
19460
19940
19204
18596
18740
18740
20116
18788
19620
18692
19684
18900
20148
19764
22181
21141
18052
19236
22437
21589
22117
23429
22917
21333
23189
26886
25414
25254
26438
28374
26598
27558
26822
28791
30359
31319
29095
28646
29287
30999
30551
31175
31511
30631
29687
30471
31527
30231
30423
30599
31559
29255
27782
27334
28839
28662
28406
25734
25830
25366
25894
23797
24806
24277
24085
22117
22613
21733
21765
21797
22309
21429
21317
20613
20853
20549
21813
21125
21189
20997
21477
20645
21269
21541
22997
22213
22341
21701
22341
22725
24565
23925
23541
24117
26102
29831
23045
22629
30087
29447
25622
32103
30903
23813
27926
35720
31559
27078
29991
34424
29367
28967
31175
32103
31719
30855
29479
30615
27606
27830
30263
32295
26966
24021
25510
28390
24662
23125
24565
25606
22421
20613
20228
23141
21077
19604
20004
19940
17300
17508
19876
19924
17588
17508
17172
18052
18164
17828
17988
19556
19076
16916
18084
22261
20757
17812
19652
23173
20581
22101
23253
22933
21669
23973
26086
25830
24565
25670
27398
28470
28614
26422
28054
31207
31463
29159
29351
30423
31575
30583
31831
32151
31271
29607
31303
32391
31415
29687
29911
31431
30295
28967
27574
29095
28791
28582
26102
25926
25702
24982
24277
24565
24229
22357
21925
22997
22309
21637
20901
21205
20789
20885
20501
20068
20645
20773
20773
20885
20645
20661
20533
21109
21301
21717
21573
21877
22421
22213
22453
23669
24517
23365
24133
25910
25606
24886
26774
28086
27846
27046
29255
29463
29591
29319
31559
30151
29911
30663
31927
31031
30903
31175
31031
30135
30151
30423
30279
29607
28887
29207
27206
26518
27462
27526
26518
24069
24598
24325
23365
22373
22549
22069
21685
20228
21285
19940
20148
19524
19668
18996
19060
18692
18340
18708
19860
19044
17684
18692
18948
18628
18916
19796
19556
22085
18724
18612
20276
22661
21797
23685
23397
21349
22037
26934
26262
24598
25574
27910
26694
27062
27158
28102
29415
31367
30135
28903
28999
30231
30487
31879
32023
30487
29591
30647
30823
30647
30071
30695
31511
30263
27926
27398
28070
28839
27926
26710
26006
25110
24982
24710
24565
24213
23653
22709
22805
21525
21893
21717
23013
21749
20805
20308
20388
20517
21141
21013
20661
21077
21093
21061
20533
21925
22037
22325
22389
22645
22277
22293
23893
24565
24469
24117
24726
25126
25446
25766
27094
28630
28134
26422
27958
29959
29031
29255
31543
30615
28342
29847
32039
30919
29879
31415
31239
29895
29367
30695
30135
30039