20565
18532
18052
18164
18308
18308
18052
18436
18084
18612
18388
18804
18628
19076
19028
19412
19428
20004
20853
20885
21893
22117
23317
23781
24966
25686
27078
27942
29479
30407
31751
33000
33992
35672
36392
37337
37737
38393
39049
38953
39289
38841
38953
37961
37913
36328
35592
34056
32984
31015
29735
27670
26406
24421
23237
21397
20452
18804
18612
17476
17412
16804
17348
17188
18004
18628
18468
19028
18644
18612
17860
17844
17172
17060
16724
15939
15683
14867
14915
14323
14435
14051
14531
14307
15331
15411
16900
17812
19492
20436
22053
23989
25126
27270
28919
30567
32599
33896
35576
36648
38217
38857
40169
40297
41162
41034
41290
40953
40953
40153
39497
38201
37305
35928
34664
33560
31815
30727
29079
28230
26150
25446
24021
23253
21909
21381
20212
20228
19252
18404
18356
18148
18196
18068
18196
18244
18340
18228
18452
18324
18564
18964
18900
19268
19252
19988
19796
20661
20436
21317
21573
22421
23493
24069
25270
25926
27622
28310
29751
30551
32087
33448
34232
35736
36184
37689
38457
38665
38969
38793
38745
38793
37897
37545
36184
35560
33928
32952
30919
29847
27686
26166
24421
22981
21237
20372
18996
18276
17380
17460
16932
17412
17572
18052
18516
18436
19028
18628
18964
18388
18404
17892
17636
16772
16708
15795
15635
14611
14691
14099
14163
13795
14211
14275
14963
15699
16708
17604
19012
20244
21989
23189
25190
26790
28839
30151
32311
33512
35320
36856
37449
38969
39641
40745
40905
41242
40937
40953
40409
39881
38937
38041
37049
35688
34744
33032
32023
30295
29495
27574
26454
25014
24533
22917
22437
21029
20869
19412
18708
18756
18116
18180
17828
17988
17908
17956
17940
18004
17956
18180
18628
18308
18276
18740
18724
19140
19300
19780
20004
20741
21077
22053
22853
23637
24726
25446
26854
27686
29239
30135
31895
32391
34008
34488
35912
36168
37401
37529
38313
38169
38489
38217
38217
37433
36808
35912
35016
33640
32615
30919
29415
28198
26214
24838
22741
21781
20196
19332
18196
18052
17316
17204
17060
17732
17748
18484
18452
18756
18468
18420
18532
17748
17620
16804
16660
15923
15555
14803
14643
13811
13859
13315
13507
13555
13859
14499
14851
16275
16660
18068
19220
20693
21941
23781
25366
26902
28855
30151
32087
33288
35096
36072
37417
38697
39081
40201
40185
40713
40297
40377
39433
39369
38057
37417
35928
35144
33544
32695
31015
29959
28102
27430
25814
24758
23877
22805
21765
21077
20196
19716
19284
18724
18820
18068
18564
17844
17892
17764
18020
17940
18340
17892
18148
18148
18740
18404
18740
19268
19284
19972
20020
20709
20965
21541
22325
23349
23829
25286
25830
27430
28086
29735
30359
32151
33000
34312
34968
36280
36536
37865
37753
38841
38553
39017
38313
38329
37641
37305
36152
35512
33880
33064
31111
29895
27686
26326
24533
23365
21461
20869
19220
18708
17924
17876
17636
17924
18052
18628
18484
19044
19396
19076
19524
18868
18532
17860
17828
16932
16804
15955
15699
14915
14867
14147
14291
14035
14339
14515
15187
15763
16580
17508
18756
20420
21653
23429
24549
26470
27558
29847
30951
32952
33928
35656
36568
37977
38697
39673
39817
40649
40505
40761
40665
39977
39433
38329
37801
36360
35640
33928
32872
31287
30375
26518
25718
24501
23813
22357
21685
21141
20276
20116
19172
19284
18644
18788
18228
18388
18004
18484
18084
18516
18324
18692
18820
18916
19460
19268
19908
19684
20501
20404
21221
21413
22485
22725
23845
24373
25814
26182
27686
28454
29911
30615
32167
33064
34248
35000
36136
36840
37705
38441
38585
39129
38841
38953
38473
38233
37449
36792
35720
34712
33112
32087
30119
28759
26838
25510
23541
22469
20901
20164
18996
19012
18148
18452
18276
19172
19044
19524
19300
19524
19108
19460
18644
18724
17956
17700
17076
16676
15971
15763
15203
15075
14435
14819
14307
14979
14851
15635
15859
16996
17572
19044
19924
21605
22981
24517
26118
27670
29207
30935
32567
34120
35256
36712
37849
38761
40041
40505
41098
40857
41258
40745
40585
39497
38985
37721
36953
35624
34632
33432
31847
30967
29223
27974
26582
25766
24389
23685
22229
21701
20645
20404
19396
19460
18788
18324
18276
18196
18084
18404
18084
18500
18132
18612
18404
18788
18980
19236
19268
19588
19796
20324
20501
21397
21541
22533
22741
23973
24501
25654
26342
27830
28310
29783
30871
32039
33368
34280
35528
35912
37273
37593
38585
38521
39241
38953
39257
38505
38425
37385
36953
35512
34664
33512
31687
30695
28550
27110
25094
24005
22069
21317
19716
19156
18068
17924
17556
17940
18100
18740
19108
19124
19524
19124
18836
18852
18308
18100
17460
17140
16532
16099
15571
15155
14627
14563
14435
14355
14147
14755
15059
15971
16436
17540
19012
19940
21781
22821
24630
25878
27846
29175
31079
32327
34104
35144
36760
37609
39001
39545
40345
40665
40953
40953
40793
40201
39785
38649
37897
37033
35720
34712
32936
32087
30391
29159
27670
26566
25014
24485
23109
22325
21173
20837
19684
19588
18788
18708
18132
18340
17844
18196
17668
18116
17716
18180
17940
18452
18356
18916
18820
19364
19348
19892
20068
20565
20821
21589
22501
22885
23733
24245
25318
26006
27526
28054
29671
30311
31911
32583
34088
34648
36248
36584
37753
37929
38681
38537
39177
38793
38761
38057
37673
37337
35944
34664
33592
32327
30535
29111
26966
25526
23621
22117
20805
19380
18884
17684
17764
17396
17876
17860
18564
18628
18980
18708
18996
18628
18452
18484
17988
17332
17076
17028
16131
15427
15331
14995
14515
14643
14003
14595
14307
15299
15363
16580
16948
18372
19204
20997
21989
23749
24966
26774
28294
30023
31895
33064
34840
35848
37385
38105
39337
39721
40873
40521
40953
40553
40585
39625
39369
37849
37177
35720
34856
33192
31847
30935
29175
28374
26566
25478
24165
23621
21925
21493
20324
19940
19076
18692
18132
17892
18004
17572
17236
17428
17796
17604
18212
17860
18356
18148
18948
18708
19492
19220
19732
19844
20404
20613
21477
21669
22741
23061
23941
24565
25478
26838
27382
28807
29399
31063
31799
33016
33976
35144
35672
37017
37193
38153
38169
38713
38457
38601
37833
38057
37001
36568
35128
34280
32599
31367
29527
27974
26086
24726
22789
21525
20068
19332
18132
17844
17332
17492
17940
18116
18820
18644
19012
18980
19236
18644
18852
18196
18148
17220
17412
16452
16548
15539
15555
14723
15043
14307
14723
14307
15107
15139
16083
16452
17604
18580
20164
21205
22805
24133
25638
27622
28727
30679
31911
33752
34648
39225
40681
40489
40937
40537
40537
40105
39305
38217
37625
36120
35224
33832
32872
31111
30087
28342
27494
25814
24918
23765
22805
21525
20885
19876
19636
18788
18404
17940
17876
17604
17556
17636
17412
17812
17668
18116
17732
18596
18196
19060
18948
19396
19652
20132
20661
20629
21685
21637
22597
23013
23813
24165
25094
26166
26934
27846
29015
29879
31223
32023
33336
34840
35336
36568
37033
37929
38057
38825
38617
39081
38489
38665
37577
37353
35896
35544
33608
32519
30663
29175
27318
25574
23893
22421
21253
19620
19108
17972
17828
17060
17764
17588
18532
18244
18868
18660
18820
18964
18564
18308
17972
17684
16948
16948
16115
16195
15267
15299
14611
14771
14307
14723
14611
15539
15779
16676
17332
19028
19732
21397
22341
24421
25430
27526
28614
30615
31783
33912
34728
36696
37193
38825
39337
40441
40665
40953
40953
40970
40729
39913
39337
38329
37433
36184
34792
33704
31991
31111
29415
28374
26966
25382
24678
23205
22453
21205
20549
19428
19204
18276
17956
17364
17236
16900
16916
17108
16932
17108
17220
17540
17476
18260
18132
18900
18596
19380
19252
20100
20052
20917
21093
21957
22197
23109
23509
24854
25158
26454
26854
28374
29031
30423
31255
32407
33240
34536
35592
36040
37017
37209
38153
38121
38665
38121
38377
37433
37385
36040
35400
34008
33064
31319
30055
28454
26470
25014
23269
21445
20244
18916
18132
17108
16916
17028
16852
17508
17332
18052
17860
18516
18052
18404
17572
17620
16916
16708
15955
15859
15587
15187
15011
14195
14483
13955
14179
14035
14531
14787
15795
16259
17636
18532
19812
21797
22837
24582
25814
27846
29223
31175
32231
34168
35224
36776
37609
38857
39993
40457
41146
40953
41130
40809
40649
39737
39225
37881
37177
35608
34824
32856
32183
30359
29319
27574
26566
24854
24085
22645
21733
20661
19892
19092
18772
18196
17732
17620
17444
16916
17172
16804
17316
17220
17460
17796
18084
18788
18820
19300
19460
20228
20100
21061
21157
22069
22261
23253
23653
24469
25350
25990
27206
28038
29431
30167
31719
32327
33752
34328
35640
36136
37417
37673
38473
38617
38889
39353
38745
38729
37785
37593
36248
35256
33848
32167
30855
29095
27542
25494
23845
22421
20661
19716
18308
17940
17092
17556
16948
17588
17316
17684
17876
17988
18388
18180
17860
17332
17508
16868
16788
16051
16131
15235
15219
14547
14819
14003
14387
14195
14787
15027
15795
16932
17556
18980
19876
21589
22725
24598
25814
27782
29239
31031
32343
34248
35512
37065
38393
39257
40121
40777
41578
41258
41802
41178
41146
40153
39689
38377
37657
36024
35144
33464
32487
30727
29479
27926
26582
25606
24149
23221
21717
21141
20020
19620
18516
18388
17556
17556
16948
17044
16580
16836
16980
16900
17460
17204
17796
17796
18532
18484
19076
19140
19812
19940
20629
21029
21477
22229
22661
23749
23877
25094
25622
27142
27654
28903
29671
31207
31959
33224
34072
35304
35912
37001
37641
38249
38729
39113
39257
38857
39081
38073
37961
36504
36152
34360
33432
31287
30007
28070
26534
24565
22917
21173
20100
19172
17812
17716
16980
17028
16788
17604
17428
17972
17732
18212
17764
17940
17444
17476
16788
16932
16195
16035
15299
15123
14291
14371
14211
13923
14259
14115
14979
15123
16243
16948
18388
19220
20997
22085
24197
25222
27334
28582
30599
31959
33832
35016
36889
37561
39305
39865
40986
41130
41530
41434
41290
41370
40505
40233
39257
38425
36856
36088
34376
33432
31799
30439
28695
27670
25862
24998
23685
22965
21429
20837
19876
19732
18564
18356
17604
17684
17220
17428
16948
17108
16948
17332
18052
17556
18260
18116
19012
18644
19620
19492
20436
20372
21077
21093
22053
22341
23333
23781
24678
25222
26310
27350
28406
29911
30551
31767
32695
34136
35080
36312
36776
37737
38025
38905
38889
39417
39209
39193
39033
38137
37737
36408
35800
34008
32952
30951
29751
27558
26262
24069
23125
21029
20228
18740
18276
17284
17108
16724
17108
17156
17716
17844
18356
18356
18228
18548
17972
17844
17220
17412
16564
16452
15635
15587
14915
14947
14403
14755
14419
15027
15267
16067
16548
17860
18740
20244
21877
23221
24742
26326
28374
29575
31703
32727
34840
35784
37577
38217
39801
40217
41114
41274
41578
41386
41482
40793
40473
39577
38713
38073
36392
35592
33832
32808
31079
30135
28230
27014
25510
24565
23365
22485
20997
20549
19700
19156
18436
18148
17972
17572
17300
17172
17348
17252
17764
17364
17620
17668
18340
18324
19268
18836
19524
19588
20468
20452
21637
21413
22229
22597
23557
23877
24998
25414
26790
27478
28662
29927
30759
32135
32872
34520
35000
36504
37049
37865
38345
38729
39385
39401
39577
39049
38889
37897
37209
36056
35128
33368
32215
30487
28406
26774
24710
23461
21525
20292
18772
18180
17044
16980
16307
16900
16804
17380
17492
17924
18372
18004
18580
17924
17988
17332
17444
16516
16388
15715
15395
15059
14499
14707
14291
14547
14259
15171
15235
16420
16820
18436
18964
20869
21845
23717
24854
26854
27990
30103
31495
33368
34456
36136
36969
38281
39113
40233
40457
41146
41002
41082
41178
40361
40057
38665
38153
36696
35976
34152
33096
31431
30343
28695
27430
25910
24742
24005
22693
21589
20485
20036
19028
18884
17828
18068
17284
17380
16964
17140
16836
16932
17428
17172
17588
17556
18436
18212
18884
18884
19540
19588
20501
20388
21109
21509
22181
23029
23445
24485
25126
26278
26790
28342
28903
30471
31047
32599
33176
34600
35032
36312
36696
37721
37801
38329
38841
38457
38665
37913
37961
36873
36392
34872
33848
32295
30631
29191
27286
25702
24149
22405
20901
19300
18548
17380
17060
16147
16291
16227
16884
16868
17540
17572
18116
17828
18100
17492
17396
16916
16868
16131
16003
15779
15043
14803
14387
14483
14163
14419
14227
15075
15203
16484
17028
18532
19284
21045
22101
23893
25046
27030
28727
30343
32023
33368
35272
36136
37849
38425
39609
39993
40825
40857
41002
40809
40649
39753
39321
37961
37385
35944
34952
33768
32151
31255
29495
28422
26678
25686
24085
23477
21813
21397
19940
19684
18788
18500
17732
17716
17220
17300
17380
16900
17364
17028
17556
17204
17828
17716
18500
18452
18948
19012
19668
19844
20468
21285
21413
22293
22405
23429
23893
24822
25414
26518
27270
28630
29207
30615
31591
32824
34328
34904
36328
36696
37673
37897
38841
38569
39241
38857
38761
38153
37833
36873
35928
34744
33688
31895
30647
28711
27206
25062
23765
21989
20388
19204
18004
17476
16564
17812
18436
17972
18180
17620
17540
17044
16868
16532
15939
15827
15283
15427
14739
15107
14643
15283
15171
16179
16452
17700
18324
20036
20981
22597
23909
25542
27270
28871
30839
32103
33880
35240
36360
37737
38601
39705
40825
40921
41402
41290
41498
40841
40505
39465
39097
37593
36760
35176
34312
32423
31415
29655
28422
26806
25622
24565
23205
22485
21189
20549
19460
19252
18772
18324
17556
17716
17268
17508
17172
17812
17332
17972
17588
18100
17940
18612
18660
19460
19444
20308
20004
21029
20933
21829
21813
22773
23205
24261
24565
25414
26246
27478
28214
29415
30535
31543
32856
33752
35032
35816
36969
37417
38633
38569
39401
39017
39593
38841
38729
37897
37433
36344
35416
33752
32391
30727
29031
27270
25270
23893
21813
20501
18868
18324
17028
16788
16051
16259
16307
16948
17284
17700
18196
17956
18308
18020
18340
17764
18100
17220
17284
16452
16275
15731
16051
15155
15619
14867
15443
15283
16147
16339
17252
18516
19364
21093
22053
23829
24822
27078
28118
30247
31415
33384
34488
36360
37337
38425
39897
40521
41306
41434
41754
41386
41530
40633
40729
39481
38889
37593
36168
35096
34056
32407
31383
29575
28582
26614
25894
24325
23717
22101
21653
20276
19988
19092
18884
18372
18084
18116
17764
18004
17588
17972
17972
18468
18324
18916
18692
19476
19364
20052
19892
20533
20693
21381
21381
22389
22501
23429
23749
24790
25110
26374
26886
28198
28935
30167
30967
32007
33432
34136
35304
35720
36985
37129
38169
38121
38937
38473
38729
37977
37945
36937
36376
35144
34264
32792
31399
29767
28054
26662
24646
23045
21413
20084
18708
17956
16868
16660
16195
16147
16131
16996
17028
17684
17684
18036
17860
17796
17892
17300
17380
16676
16804
15955
15747
15315
15059
14979
14531
14803
14515
15075
15059
16131
16596
17732
18628
20180
21413
22789
24133
25910
27190
28999
30503
31975
33512
34968
36136
37257
38441
39017
40201
40137
40713
40121
40201
39449
39145
37865
37385
35880
35176
33400
32567
30599
29719
28006
27030
25302
24614
22981
22373
20901
20468
19268
19076
18100
17892
17348
17092
17348
16916
17156
16932
17444
17044
17876
17460
18052
18132
18820
18836
19396
19476
20116
20292
21013
21525
21781
22597
22821
24005
24229
25366
25734
27142
27590
29031
29383
30855
31623
33064
33592
34904
35368
36312
37193
37433
38137
38201
38633
38105
38329
37449
37209
35992
35224
33688
32647
31319
29751
27798
26326
24565
22901
21141
20036
18388
17940
16692
16564
15779
16259
16067
16916
16932
17476
17620
18052
17988
18132
17748
17700
17652
17044
17092
16227
16355
15363
15459
14691
15171
14659
15123
15107
15747
16147
17220
17892
19300
20196
22053
23301
24790
26838
27990
30807
32151
34120
35160
36680
37945
38601
39833
39961
40553
40537
40537
40761
40025
39593
38361
37929
36392
35624
33816
32952
31239
30247
28518
27446
25798
24838
23541
22597
21349
20645
19668
19284
18788
18276
17796
17588
17428
17604
17460
17540
17716
17812
17892
18180
18276
18756
19060
19364
20052
20068
20693
20869
21653
21717
22741
22629
23845
23893
24902
25238
26422
26918
28086
28614
29895
30743
31975
32984
34040
35288
35992
37129
37513
38521
38585
39241
39065
39465
38921
38633
37865
37385
35896
35096
34168
32471
31287
29159
27638
25478
24101
21989
20917
19188
18500
17172
16804
16259
16388
16660
16996
17684
17892
18580
18484
18868
18468
18868
18308
18436
17700
17668
17012
16948
16099
16339
15587
15811
15395
15651
15779
16371
16964
17732
18900
19716
21477
22213
24149
25062
26982
28262
30167
31447
33128
34312
35976
36921
38169
39353
39849
40697
40809
41306
40809
40953
40105
39689
38601
37801
37049
35336
34360
32776
31783
29991
28935
27190
26022
24565
23637
22405
21477
20581
19748
19476
18660
17972
18004
17428
17476
17172
17460
17220
17556
17748
17956
18276
18372
18932
18852
19556
19588
20276
20372
20501
21093
21717
21925
22821
23189
24021
24501
25414
25750
27094
27446
28662
29239
30599
31319
32503
33528
34408
35336
35896
36680
37177
38041
37801
38217
37785
37977
37065
36824
35944
35000
33688
32487
31511
29383
28118
26070
24598
22597
21381
19588
18516
17428
16788
16147
15907
15667
16131
16804
16836
17236
17428
17428
17716
17684
17428
17204
16948
17060
16275
16275