27974
26262
26150
25910
25430
27782
28470
27366
27190
27558
27366
25558
23925
22981
23221
22869
22421
22501
23493
24614
26022
26550
27398
28438
29463
29591
28935
27862
26950
26342
25334
24646
22853
21605
21509
21349
21205
21269
21957
22677
23301
23125
23253
23685
23941
23685
23717
22805
22437
22021
21685
20885
20485
19780
19620
18596
17684
16980
16420
16003
16516
16788
17460
18052
19028
21109
24549
29783
33448
34616
34680
36520
39017
40409
38473
34760
31543
29591
26086
21109
16147
14115
14323
14403
12627
11154
12611
17860
22597
24950
26262
28662
31895
34264
34488
33512
33224
33672
33048
29799
26950
25254
25302
25430
24582
22341
22213
22357
22965
22293
22069
21925
22149
21861
21525
21045
21605
23301
23653
24261
24806
26518
27910
29495
30343
31559
31815
32167
30727
28262
27414
25238
23221
20917
19860
19092
18772
18372
18724
19924
21637
22725
23717
25238
26966
29479
29959
30263
29335
29799
30215
30615
29591
28374
27430
27606
27430
27366
25830
25254
24918
25654
24822
23973
23445
24005
24405
24229
23253
23557
24533
25542
25894
25798
26278
27094
27990
28374
28214
27750
27670
27174
26230
25238
24341
23957
23749
23349
22757
22373
22629
23253
23749
24005
23989
24037
24485
24501
24213
23509
23525
23013
22757
21909
21301
21157
21605
21205
21141
20485
20837
20468
20741
19428
18708
17764
17316
16548
16564
16388
17204
17828
18484
19172
20661
24517
30055
34120
35144
35112
36552
39369
40441
38409
34136
30871
28534
25542
20260
13539
14019
13107
11346
13139
17636
23381
25606
26422
28646
32263
34280
34760
33112
32792
32904
32663
29495
24646
25222
26086
24565
23093
22117
23141
23765
23061
22213
22405
22485
22101
21077
20196
20837
22325
23189
23429
24133
25686
28358
29271
30743
31111
32327
32471
31447
29223
28166
27414
25990
23637
21045
19092
18660
18516
18180
17956
19124
21173
23189
23653
24598
26390
28839
29975
30167
28887
29079
29415
30039
28919
28006
26550
26902
26886
26390
25222
25094
26006
27430
27062
25478
25062
25254
25974
25334
24277
22981
23445
23525
23701
23301
24005
25270
26758
27206
27046
27174
28102
28935
28566
27958
26118
25190
24822
24197
23045
22533
21893
22165
22021
21845
21813
22501
23509
24021
23509
23189
23237
23605
23605
23301
22197
22213
21637
21429
20324
20581
20020
20132
19300
18772
17620
17220
16900
16964
17172
17908
18148
18980
19332
20741
22661
27926
32071
34408
33880
35336
37433
40233
39209
36424
32199
30567
27606
23589
17812
15059
14291
15059
13523
12114
11618
16211
21061
24469
25254
27430
30567
33640
34520
33608
32856
33560
33544
31207
27926
25350
25734
25686
25062
22949
21813
22181
23285
22661
22117
21765
22469
22453
21957
21061
21189
22357
23637
24101
24037
25574
27206
28743
29623
30295
31335
31975
31559
29959
28614
27718
27286
24662
22709
20196
19412
18948
18900
18164
18852
20276
22293
23157
24261
25526
27734
29511
29879
29479
29191
29591
29751
29271
28198
27910
27270
27190
26790
26214
26054
26118
26246
25910
25030
24389
24341
24614
24630
24101
23205
23557
24373
25190
24870
25846
26150
27686
27782
27798
27270
27846
27846
27622
26262
25142
24565
24357
23973
23333
22869
22917
23125
23365
23077
23429
23493
24277
23477
23157
22917
23317
22677
22037
21509
21573
21237
21013
20581
20372
20324
20244
19620
18564
17604
17092
16836
16676
16916
17316
17972
18580
19460
20773
24582
29863
34136
34504
35016
36424
39465
40409
38729
34312
31559
28983
25766
20420
15539
13587
14355
14083
12531
11186
13347
18516
23717
25446
27094
29271
33160
34920
34680
33320
33224
33256
32343
28999
25846
24565
25062
25174
24037
22597
21813
22997
23653
23189
22437
22805
22805
22597
21605
21205
21429
22773
23413
23781
24261
26086
27590
29223
30023
31303
31879
32487
30935
29671
28262
27798
26006
23637
21077
19636
18900
18948
18228
18500
19380
21509
22741
23909
24854
27062
28967
30135
30007
29671
29287
29927
29447
28374
27350
27078
26918
26902
26022
25750
26006
26582
26262
25446
25446
26342
26118
25894
24565
23989
23813
23957
23765
23637
24005
24501
25270
25990
26790
27158
27702
28438
28759
28246
27142
26438
25974
25510
24565
23317
22469
22293
22741
22197
22293
22389
23365
23701
24245
23781
23973
24133
24549
24053
23797
23093
22773
22373
22293
21445
20997
20645
20629
20468
19956
19332
18868
18404
17924
17188
16644
16884
17716
18452
18580
18964
19924
22037
25398
30103
32920
34072
34536
36504
38473
39737
37353
34360
31159
29191
25174
20661
16195
14755
14483
14275
12755
11970
13571
18260
22469
24806
26550
28823
31863
33720
33848
33320
33080
33384
32343
29527
26934
25430
25670
25318
24405
22597
22149
22453
22901
22357
22037
22213
21925
21797
21253
21189
21653
22677
23445
23861
24806
26310
27814
29063
30039
31207
31847
31799
30407
29351
28390
27622
25814
23381
21045
19908
19140
18628
18148
18388
19300
21061
22101
23317
24565
26694
28374
29479
29303
29687
29479
30023
29351
29319
28518
28086
27318
27622
27222
27094
26646
26550
26198
26054
24854
24325
23349
23701
23077
22581
22101
22501
23221
24373
24790
26102
27110
28214
28791
29319
29015
29319
28630
27846
26422
25430
24085
23733
22357
22117
21493
21445
21717
22421
22597
23573
23829
24485
24565
24549
23941
24149
23653
23429
22533
21701
21157
20965
20677
20581
20148
20132
19988
19924
18900
18356
17588
17588
17364
17860
17556
18324
18484
19476
20436
22837
27094
31639
33816
34088
35256
37625
39753
39257
36744
33096
30359
27798
23813
18340
15139
14035
14371
13251
11682
11442
15123
20036
24133
25414
27670
30439
33512
34744
34328
33464
33784
33336
31303
27990
25782
24982
25430
24485
22837
21445
21701
22533
22885
22165
22453
22565
22821
22149
21909
21541
22581
23509
23989
24213
25158
26790
28086
29223
30295
31335
31575
31175
29959
28823
28134
26982
25174
22549
20773
19604
19172
18404
18052
18740
20052
21653
22597
23829
25558
27782
29351
29831
29879
30695
30823
30807
29687
28679
28038
27462
26918
25478
24565
24245
24565
24485
23989
23813
24549
25126
25654
25846
25494
25542
25958
26326
26150
25542
25430
25558
25942
25750
25686
25206
25894
26182
26134
25526
25126
25270
25526
25158
24854
24341
24501
24293
24037
23685
23525
23301
23701
23397
22997
22693
22501
22565
22869
22725
22437
22165
21909
22037
21989
21589
21125
21125
20805
20549
19732
19444
18260
17844
17140
17028
16708
17508
18340
19204
19540
20773
22853
26774
31255
34216
39401
38745
35512
31927
29383
27206
23237
18196
15059
14627
14995
14275
12691
12643
16163
21013
24277
25414
27398
29959
32824
33880
33592
32647
33176
33000
31415
28406
26758
25862
26086
25142
24261
22149
22357
22613
22869
21605
21477
21845
21973
21445
21093
21205
22229
23557
24101
24565
25766
27574
28775
29575
30391
31463
31639
31191
29607
28711
27462
26758
24533
22485
20372
19764
19124
19076
18292
18740
20212
21861
22805
23829
25302
27654
29495
30295
30007
30519
31223
31767
31271
29831
28582
27782
27094
26006
24501
23573
23317
23541
23877
23541
23317
23493
24565
25126
25606
25398
25718
26182
26694
26518
26534
26726
27350
27238
27190
25894
25798
25798
26102
24982
24565
24197
24405
23989
23765
23365
23829
23733
23957
23637
23477
23429
23941
23861
23717
23173
22677
22741
22853
22453
22005
21509
21733
21285
20805
20420
20036
20581
19732
19028
17908
17460
16852
17108
17124
17492
18068
18868
19668
20693
22693
25718
30487
33960
35096
34760
36376
38233
40073
37721
34696
30487
28294
25222
20997
16035
14163
13891
14451
12947
12291
13155
18052
22533
25574
26454
28775
31671
34056
34488
33736
33112
33464
32824
30183
27094
25510
25302
25446
24341
22421
21381
22085
22709
22165
21541
21461
21957
22117
21573
21013
21525
22677
24005
24133
24742
26102
27974
29031
30359
30727
31799
31863
30967
29207
28102
27334
25942
23701
21429
19908
19172
18740
18228
18452
18884
20613
22133
23109
24261
26070
28230
29671
29847
30375
30679
32343
31415
30087
28711
28646
27974
27542
25638
24998
25750
26806
25798
24325
23701
24245
24806
24662
23573
22933
23077
23557
23893
24213
24662
25510
26694
27542
27654
27606
27958
28727
28871
28038
26246
24822
24565
23893
23493
22229
21525
21541
21829
21429
22005
22149
23317
23941
24181
23733
23957
23781
24021
23557
23557
22581
21925
20997
21077
20276
20452
19412
19412
18404
18196
17412
16884
16484
17332
17780
18564
18772
19396
20404
22293
24565
28422
32199
34584
34856
35800
37449
39081
38553
36136
32151
29367
26550
23221
18468
15411
14211
14243
13779
12403
12307
15507
20324
24245
26198
27686
30487
33000
34904
34280
33960
33496
33784
31591
28294
26022
25190
25318
24662
23189
21605
21557
22405
22709
22165
21797
22325
22533
22133
21829
21909
22581
23765
24293
24886
25094
27014
28230
29847
31207
31319
31527
30167
28919
27926
27078
25414
23205
21061
19700
19540
18900
18468
18452
19524
21157
22437
23429
25254
26886
29095
30215
31623
31511
32087
31831
32343
31367
30247
28630
27430
26246
25046
23525
22757
23205
23493
22965
22277
22437
23333
24582
25014
25238
25366
26342
26886
27062
26790
27142
27798
27958
27222
26582
25686
25990
25814
25126
24405
23829
23269
23221
23061
22869
23365
23061
23317
23125
22869
22821
23749
23861
24133
23365
23109
22757
23253
22661
22485
21781
21861
21093
20805
19556
19668
19092
18916
17748
16692
15811
15715
16227
17124
17780
18404
19204
20468
22485
25382
30535
34312
36056
35784
37129
38297
40601
38409
35160
30887
28342
25350
21253
15827
13715
13331
14467
13155
12050
12435
17108
22229
25830
26646
28935
31671
34584
35032
34216
33304
33688
33368
30903
27430
25238
24982
25110
24517
22901
21477
21749
22965
22293
21973
21685
22549
22245
22581
21477
21973
22581
24325
24565
25302
26246
27846
28807
30135
30919
31511
31463
30919
29399
28182
27238
26006
23957
21909
20549
19444
18852
18948
18436
19604
20949
22789
23333
24646
25878
28550
29527
30135
30183
30807
31687
31463
30215
29015
28518
28214
27606
25862
24565
25222
26454
26502
25270
24085
24149
24758
25014
24533
22917
23045
23141
23813
23573
24085
24453
26198
26982
27462
27574
27686
28566
29271
29127
27798
26470
25542
25430
24037
22853
21637
21573
21445
21189
20581
20917
21781
22901
23733
23605
23557
23717
24213
24213
23909
23365
23045
22117
22069
20917
20324
19732
19556
18980
18612
17428
16660
16099
16564
16500
17028
17300
18244
19204
20404
22101
24501
29191
33720
35736
35528
36280
37897
40329
39513
36296
31991
29223
26582
22869
17348
14099
12947
13795
12867
11778
11698
15171
20517
24758
25958
27942
30647
34120
35160
35032
33544
34232
33688
32119
28214
26054
25238
25542
24630
22981
21301
21461
22293
22277
21461
21429
22101
22629
22181
21893
21477
22917
23973
24533
24565
25702
27318
28935
29559
30519
31127
32007
31495
29911
28342
27654
27062
24886
22613
20372
19732
19108
18964
18052
18580
19940
21733
22661
23541
24902
27222
29559
30103
30631
30391
31287
31591
31751
30327
29767
28951
27942
26662
25398
24565
24742
24790
24565
22949
22549
22325
23157
23349
23653
23061
23973
24533
25046
25286
25878
27110
28310
28614
28262
27574
28038
28182
28006
26662
25254
24357
23957
23077
22309
21589
21637
22021
21973
21877
21813
22629
23381
24453
23989
23765
23269
23589
23525
23637
22549
22213
21397
21109
20420
19876
19300
19380
18980
18468
16964
16339
15539
16516
16532
17444
17652
18820
19124
21013
22821
27462
32311
35960
35768
36488
37977
40425
40233
37897
33800
30615
28294
24453
19124
14755
13459
14003
13395
11922
10658
13683
18996
23765
25270
27494
29687
33832
34856
35016
33720
34104
34312
33208
29287
26422
25206
25782
25046
23781
21717
21749
22165
23045
21573
21573
21893
22581
22197
21957
20949
22325
23381
24565
24549
25606
26854
28598
29479
30455
31127
31895
31927
30647
28903
27830
26902
25270
23045
20773
19492
18868
18580
17892
18644
19572
22021
22853
23941
24678
26902
28935
30039
29815
29447
29591
30007
30375
29543
28662
27590
27462
27862
27782
26678
25734
25926
26646
25910
24790
23173
23349
23685
23237
22165
21525
22293
23301
23765
24117
24646
26454
27830
28582
28294
28422
28791
29143
28038
27062
25862
24934
24245
23317
22309
21781
21749
22021
22101
22197
22597
23237
24069
24614
24549
24453
24533
24357
24133
23445
22837
22469
22229
21525
20869
20404
20549
20629
20565
19844
19668
19620
19828
18996
18532
17588
17940
17908
18212
18212
18820
19892
21413
23061
25030
28839
33096
35272
35704
36248
37913
39513
38489
35416
30887
28310
25846
22869
17716
14403
13619
13971
13619
12899
12899
16516
21637
25174
26422
27846
30391
33560
34904
34456
33192
33448
33048
31767
28326
26422
25366
26022
25126
23573
21701
21669
22421
22613
21765
21381
21413
21861
21909
21589
21253
22149
23717
25062
25222
26838
27750
29655
30423
31399
31559
31847
31415
30231
28662
27350
26310
24133
22405
20388
19588
24037
25094
26822
28999
30791
31111
31127
31911
32423
31847
30215
28775
27702
27350
26502
25030
23621
23461
24325
23909
23653
22965
23317
24021
24630
24373
24341
24325
25190
25446
25478
25446
25734
26422
26902
26998
26534
27222
27046
27206
26582
25702
24998
24758
24533
23941
22949
22437
22789
22581
22629
22501
22805
22725
23493
23189
23221
22965
23333
22949
22805
22421
21813
21765
21605
21349
20757
20340
19988
20180
19540
19460
18308
17924
17348
17204
17172
18004
18500
19668
19780
20805
22437
25734
30231
33976
35112
35224
36424
38601
40041
38553
35176
31463
28999
26038
21941
16596
14275
13667
14019
12691
11554
12339
16580
21525
24774
26022
28422
31399
34264
35032
34696
33688
34456
34040
31895
28262
26454
25734
26006
24598
22949
21381
21733
22309
21989
20981
21077
21637
22149
21861
21333
21477
22789
24229
24614
25046
26918
28310
29479
30279
31287
31687
32183
31543
30023
28342
27558
26230
24453
21701
20132
19108
18692
18196
17748
18436
20436
21925
23301
24021
25622
27894
29799
30119
29735
29735
31143
31703
30855
28823
27814
27430
27606
26326
24694
23861
24582
25414
25366
24614
24485
24886
25958
26294
25190
24710
24565
25030
24934
24341
23717
24405
25190
25910
25510
25510
26246
27334
27478
27270
26198
26390
26022
25542
24565
23621
23125
23253
22965
22245
21765
21733
22357
22709
22677
22501
22821
22725
23317
22613
22533
22085
22293
21925
21573
20533
20533
20356
20420
19860
19300
18692
18132
17812
17348
17364
17620
18692
19044
19476
20036
22021
24229
28919
32359
35208
34712
36088
37497
39977
39065
37049
32439
29927
27062
23797
18468
15267
13955
14243
13475
12387
11778
15219
19588
23829
25398
27430
29895
32936
35032
34568
33608
33896
33864
32551
29719
26774
25638
25702
24966
23573
21877
21349
21893
21957
21205
20981
21333
21509
21333
20997
21125
22149
23349
24165
24614
25894
27574
28839
29895
30887
31895
32487
31783
30039
28550
27974
26870
24598
22133
20420
18916
18452
17764
17332
17572
19348
21269
22469
23381
25014
27238
29655
30167
30359
30455
31799
31911
31127
29655
28727
28646
28422
26758
24838
23861
24101
24181
24373
24037
23973
24197
24565
24822
24565
24565
24854
25302
25190
24934
24565
24726
25542
26214
26198
26118
26310
26998
27174
27014
26502
26550
26310
26358
24630
24213
23541
23781
23189
22981
21973
22453
22341
23237
22981
23573
23333
23845
23493
23653
23381
23141
22837
22501
21845
21125
20533
20180
20132
19972
19428
19044
18788
18660
18276
17844
17476
17764
18436
19412
19364
19972
20773
22821
24630
29079
32439
35080
35112
36040
37465
39641
39081
36616
32311
29463
26902
23445
18036
14563
13171
13859
12899
11922
11314
14595
19716
24213
25734
27750
30919
33960
35800
35384
34632
34792
34680
33368
29623
26934
25654
25574
24854
23125
21125
20773
21317
21589
20789
20308
20773
21429
21333
21189
20901
22181
23797
25046
25078
26214
27878
29415
30343
31367
31879
32279
31847
30647
28614
27782
26166
24341
21573
19636
18404
18148
17572
17396
17348
19172
21285
22917
24565
26758
28967
30391
30535
30199
30471
30935
32055
30727
29399
27622
27590
27222
27366
25670
25222
24838
25862
25478
25014
24357
24934
25126
25446
24053
23461
23253
24293
24421
24630
24469
25638
26454
27478
27158
27718
28198
29143
28246
27558
26150
26022
25174
24485
23205
22261
21781
21717
21717
21445
21653
22101
22533
22789
23461
22997
23189
23301
23445
22581
22405
21797
21925
20821
20501
19924
19972
19748
19844
19076
19156
18724
18644
17780
17348
17460
18372
18820
19348
19492
20501
22309
26198
30535
34264
35224
36232
37801
39865
40329
39113
35224
32407
29383
25446
20324
15331
13251
12867
12435
11138
10274
12034
16868
21557
24565
26790
29703
33192
35416
35848
35064
34856
35160
34264
31351
27606
25878
25142
24790
23589
21557
20885
21205
21829
21077
20661
20917
21525
21653
21429
20565
21381
22629
24405
24309
25590
26678
28711
29799
31271
31799
32471
32824
32311
29799
28727
27398
26022
23221
20581
18708
17828
17236
16820
16644
17716
19988
21749
23125
24565
26854
29127
31047
31415
31255
30871
31239
31511
30839
29591
28118
27606
27030
26438
25526
25638
25382
25366
25286
25510
24662
25046
24565
24582
23973
23557
22917
23509
23653
24453
24389